{"default_fov": 50.0, "default_transition_sec": 2.0, "keyframes": [{"matrix": [-0.9273116125580003, -0.15767367909744584, 0.33945866336706887, 0.24776301383972194, 0.3732803646214436, -0.45616316808725066, 0.807822340288188, 0.7423224449157715, 0.027476218865838203, 0.8758162906685846, 0.4818618914132535, -0.03737282752990719, 0.0, 0.0, 0.0, 1.0], "fov": 50.0, "aspect": 1.0, "override_transition_enabled": false, "override_transition_sec": null}, {"matrix": [-0.9237655224742148, 0.1684943716475561, -0.3438995583175958, -0.32151496410369845, -0.3828887388584714, -0.3892175815945572, 0.8377982381415314, 0.8307529449462893, 0.007312533303275998, 0.9056043953629975, 0.42406038008272895, -0.04109412431716933, 0.0, 0.0, 0.0, 1.0], "fov": 50.0, "aspect": 1.0, "override_transition_enabled": false, "override_transition_sec": null}, {"matrix": [-0.2449945828511778, 0.4389205215988441, -0.8644804393929204, -0.8050074577331549, -0.9695234197075975, -0.1122115288809179, 0.21779098104534356, 0.3138913154602051, -0.0014117407919808644, 0.891491642420503, 0.4530349417896267, -0.033419352769851675, 0.0, 0.0, 0.0, 1.0], "fov": 50.0, "aspect": 1.0, "override_transition_enabled": false, "override_transition_sec": null}, {"matrix": [0.591016708625409, 0.35626932137385786, -0.7237205405219609, -0.6940274715423596, -0.8066361813803289, 0.25422642372282545, -0.5335794189895855, -0.4214784145355229, -0.006109092710828601, 0.8991335251946251, 0.43763178913024275, -0.03360419869422885, 0.0, 0.0, 0.0, 1.0], "fov": 50.0, "aspect": 1.0, "override_transition_enabled": false, "override_transition_sec": null}, {"matrix": [0.9983504641066083, -0.01512138917879318, 0.05538677105070615, -0.010591012239455778, 0.05673599443268353, 0.40763850806570534, -0.9113791053550111, -0.7851519107818594, -0.008796462576193181, 0.913018176342218, 0.4078240207673847, -0.0417184203863145, 0.0, 0.0, 0.0, 1.0], "fov": 50.0, "aspect": 1.0, "override_transition_enabled": false, "override_transition_sec": null}, {"matrix": [0.5178836364072589, -0.27784945143525913, 0.8090712091520249, 0.766306018829346, 0.8554360920031652, 0.16260764180598375, -0.4917192769504253, -0.404724407196045, 0.0050627699874913334, 0.946762080547918, 0.3218942857470932, -0.02010134458541871, 0.0, 0.0, 0.0, 1.0], "fov": 50.0, "aspect": 1.0, "override_transition_enabled": false, "override_transition_sec": null}, {"matrix": [-0.10749010474616605, -0.4353095929863606, 0.8938408335020881, 0.7835026264190683, 0.9935805427062909, -0.07892381265248882, 0.0810477448906966, 0.15910975933074784, 0.035264465643631615, 0.8968146910317896, 0.44099867053362546, -0.0529766321182247, 0.0, 0.0, 0.0, 1.0], "fov": 50.0, "aspect": 1.0, "override_transition_enabled": false, "override_transition_sec": null}, {"matrix": [-0.5166749056694322, -0.358952109008854, 0.7773033032797293, 0.6454000473022503, 0.8561095259842763, -0.228381467481372, 0.4635929085199994, 0.5110270977020265, 0.011114016846340058, 0.9049835847954097, 0.4253012930622108, -0.04213101267814446, 0.0, 0.0, 0.0, 1.0], "fov": 50.0, "aspect": 1.0, "override_transition_enabled": false, "override_transition_sec": null}], "camera_type": "perspective", "render_height": 512.0, "render_width": 512.0, "fps": 30.0, "seconds": 16.0, "is_cycle": true, "smoothness_value": 0.0, "camera_path": [{"camera_to_world": [-0.9273116125580003, -0.15767367909744584, 0.33945866336706887, 0.24776301383972194, 0.3732803646214436, -0.45616316808725066, 0.807822340288188, 0.7423224449157715, 0.027476218865838203, 0.8758162906685846, 0.4818618914132535, -0.03737282752990719, 0.0, 0.0, 0.0, 1.0], "fov": 50.0, "aspect": 1.0}, {"camera_to_world": [-0.9296305242267132, -0.15501219106732633, 0.3343027206686675, 0.2434701392828041, 0.36748437816778334, -0.4570703750878027, 0.8099641374898848, 0.7437127292061845, 0.02724555429063663, 0.8758184131642827, 0.48187113104417645, -0.037371986569188234, 0.0, 0.0, 0.0, 1.0], "fov": 50.0, "aspect": 1.0}, {"camera_to_world": [-0.9321452697572359, -0.1520643793939085, 0.3286055699295988, 0.23866087468089905, 0.3610791024482234, -0.4579696248036601, 0.8123334934202707, 0.7452154215481547, 0.026964381031212042, 0.875865427606742, 0.4818014890791257, -0.03737794349403291, 0.0, 0.0, 0.0, 1.0], "fov": 50.0, "aspect": 1.0}, {"camera_to_world": [-0.9348358046947711, -0.14883880606099303, 0.32238025384787117, 0.2333528209947052, 0.3540798957861107, -0.45885493002678746, 0.8149107807546841, 0.7468248542383313, 0.026635421167624046, 0.8759561421672034, 0.4816548466887603, -0.03739045691043137, 0.0, 0.0, 0.0, 1.0], "fov": 50.0, "aspect": 1.0}, {"camera_to_world": [-0.9376815201632457, -0.14534414443012536, 0.3156397415158935, 0.22756357918492093, 0.3465020914118748, -0.4597200413928825, 0.8176758429774744, 0.7485353595733643, 0.026261519216182694, 0.8760893580118421, 0.4814330372822959, -0.037409285424373766, 0.0, 0.0, 0.0, 1.0], "fov": 50.0, "aspect": 1.0}, {"camera_to_world": [-0.9406613560002665, -0.14158919377156737, 0.3083970063649404, 0.2213107502122446, 0.33836107482617256, -0.4605585055221244, 0.820608095276731, 0.750341269849903, 0.025845625746280187, 0.8762638661946209, 0.48113786011021686, -0.03743418764185023, 0.0, 0.0, 0.0, 1.0], "fov": 50.0, "aspect": 1.0}, {"camera_to_world": [-0.9437539113374832, -0.13758289259402612, 0.3006651002372295, 0.21461193503737466, 0.32967235712635234, -0.46136372174564333, 0.8236866231788421, 0.7522369173645973, 0.025390781436524346, 0.8764784446422341, 0.4807710934484031, -0.03746492216885091, 0.0, 0.0, 0.0, 1.0], "fov": 50.0, "aspect": 1.0}, {"camera_to_world": [-0.946937552819489, -0.1333343305290806, 0.2924572231328857, 0.20748473462100953, 0.32045164378493646, -0.46212899741178803, 0.8268902791463371, 0.7542166344140967, 0.024900101521254714, 0.876731855274768, 0.4803345072870512, -0.03750124761136596, 0.0, 0.0, 0.0, 1.0], "fov": 50.0, "aspect": 1.0}, {"camera_to_world": [-0.950190520600152, -0.12885275855726144, 0.28378678822981956, 0.1999467499238475, 0.3107148984276339, -0.4628476017526477, 0.8301977773078699, 0.7562747532950508, 0.02437676058703242, 0.8770228413011867, 0.47982987545512, -0.03754292257538551, 0.0, 0.0, 0.0, 1.0], "fov": 50.0, "aspect": 1.0}, {"camera_to_world": [-0.9534910322022322, -0.12414759739311235, 0.27466748182382206, 0.19201558190658705, 0.30047840121560054, -0.46351281827779445, 0.8335877864358937, 0.7584056063041091, 0.023823977687165626, 0.8773501247242711, 0.47925898711810033, -0.03758970566689972, 0.0, 0.0, 0.0, 1.0], "fov": 50.0, "aspect": 1.0}, {"camera_to_world": [-0.9568173842751702, -0.11922844387633325, 0.26511331788435133, 0.18370883152992654, 0.2897588014926077, -0.464117995649329, 0.8370390212361768, 0.7606035257379214, 0.023245001750670166, 0.8777124040853458, 0.478623657593661, -0.03764135549189872, 0.0, 0.0, 0.0, 1.0], "fov": 50.0, "aspect": 1.0}, {"camera_to_world": [-0.9601480522372999, -0.1141050752453028, 0.255138686968839, 0.17504409975456434, 0.2785731644127486, -0.4646565969801526, 0.840530331964226, 0.7628628438931373, 0.022643097270187734, 0.8781083524748458, 0.4779257384363441, -0.03769763065637266, 0.0, 0.0, 0.0, 1.0], "fov": 50.0, "aspect": 1.0}, {"camera_to_world": [-0.9634617877431657, -0.10878745119789866, 0.24475839928510523, 0.16603898754119886, 0.26693901131849834, -0.4651222474863086, 0.8440407923374242, 0.7651778930664063, 0.022021530261196243, 0.8785366158306376, 0.47716712674890527, -0.037758289766311695, 0.0, 0.0, 0.0, 1.0], "fov": 50.0, "aspect": 1.0}, {"camera_to_world": [-0.9667377138743937, -0.10328571367257644, 0.23398772173782534, 0.15671109585052853, 0.254874353692533, -0.4655087804143986, 0.8475497856686138, 0.767543005554378, 0.021383554492296744, 0.8789958115419243, 0.47634977368424236, -0.037823091427705964, 0.0, 0.0, 0.0, 1.0], "fov": 50.0, "aspect": 1.0}, {"camera_to_world": [-0.9699554179140853, -0.09761018431008985, 0.2228424088410062, 0.1470780256432517, 0.24239772055973724, -0.46581028115664447, 0.851037089107291, 0.7699525136537022, 0.020732397993367985, 0.8794845273725501, 0.4754756921081523, -0.03789179424654561, 0.0, 0.0, 0.0, 1.0], "fov": 50.0, "aspect": 1.0}, {"camera_to_world": [-0.9730950415303806, -0.09177135958299068, 0.21133872742419013, 0.13715737788006677, 0.22952817926836142, -0.4660211294593559, 0.8544829558388962, 0.7724007496610283, 0.02007124985489593, 0.8800013207136201, 0.47454696339935276, -0.037964156828820775, 0.0, 0.0, 0.0, 1.0], "fov": 50.0, "aspect": 1.0}, {"camera_to_world": [-0.9761373681647694, -0.08577990360607969, 0.19949347510555376, 0.12696675352167214, 0.21628534963124163, -0.4661360396253963, 0.8578681950610147, 0.7748820458730062, 0.019403247337754947, 0.8805447181714756, 0.47356574336945745, -0.0380399377805216, 0.0, 0.0, 0.0, 1.0], "fov": 50.0, "aspect": 1.0}, {"camera_to_world": [-0.9790639073953394, -0.07964663866620146, 0.18732399255019697, 0.1165237535287662, 0.2026894114593391, -0.4661500986078859, 0.8611742495280065, 0.7773907345862853, 0.018731463318102826, 0.881113215493352, 0.4725342672917262, -0.03811889570763825, 0.0, 0.0, 0.0, 1.0], "fov": 50.0, "aspect": 1.0}, {"camera_to_world": [-0.9818569760244389, -0.07338253353409521, 0.174848169576529, 0.10584597886204734, 0.18876110557036177, -0.4660588018908871, 0.8643832704326746, 0.7799211480975152, 0.018058894096815062, 0.8817052778293599, 0.47145485403360876, -0.03820078921616085, 0.0, 0.0, 0.0, 1.0], "fov": 50.0, "aspect": 1.0}, {"camera_to_world": [-0.9844997756243554, -0.06699868964435181, 0.16208444521771362, 0.09495103048221396, 0.17452172840484065, -0.46585808705313525, 0.8674781893752607, 0.7824676187033456, 0.0173884476069954, 0.8823193403259012, 0.4703299092941946, -0.038285376912079554, 0.0, 0.0, 0.0, 1.0], "fov": 50.0, "aspect": 1.0}, {"camera_to_world": [-0.9869764662636994, -0.060506325251738775, 0.14905180188831138, 0.08385650934996443, 0.15999312043039188, -0.46554436491316054, 0.8704427871563696, 0.7850244787004259, 0.016722932056542766, 0.8829538090422022, 0.46916192795377054, -0.038372417401384515, 0.0, 0.0, 0.0, 1.0], "fov": 50.0, "aspect": 1.0}, {"camera_to_world": [-0.9892722361310803, -0.053916757693169406, 0.13576975384844736, 0.07258001642599717, 0.14519764856187467, -0.465114548158173, 0.8732617591213536, 0.7875860603854061, 0.01606504504551009, 0.8836070621783614, 0.4679534955486615, -0.03846166929006585, 0.0, 0.0, 0.0, 1.0], "fov": 50.0, "aspect": 1.0}, {"camera_to_world": [-0.9913733667714869, -0.047241383904268526, 0.12225833019871027, 0.061139152671010555, 0.13015818287040107, -0.4645660773650331, 0.8759207767792369, 0.7901466960549356, 0.015417363200060763, 0.8842774516001616, 0.4667072888904581, -0.03855289118411374, 0.0, 0.0, 0.0, 1.0], "fov": 50.0, "aspect": 1.0}, {"camera_to_world": [-0.993267293654259, -0.040491659357718215, 0.10853805267832928, 0.049551519045702944, 0.11489806789742103, -0.46389694432914563, 0.8784065454193304, 0.792700718005664, 0.014782332366203195, 0.8849633046429333, 0.4654260758544524, -0.038645841689518304, 0.0, 0.0, 0.0, 1.0], "fov": 50.0, "aspect": 1.0}, {"camera_to_world": [-0.9949426617996688, -0.033679075607250496, 0.0946299085766748, 0.03783471651077282, 0.09944108893106954, -0.46310571262639966, 0.8807068574531464, 0.7952424585342408, 0.014162258407183555, 0.8856629261739676, 0.4641127143677203, -0.03874027941226969, 0.0, 0.0, 0.0, 1.0], "fov": 50.0, "aspect": 1.0}, {"camera_to_world": [-0.9963893762035565, -0.026815136636178762, 0.08055531910352651, 0.026006346026918516, 0.08381143364034563, -0.4621915353439485, 0.8828106412178967, 0.7977662499373158, 0.013559298648450131, 0.8863746008903837, 0.46277015063266047, -0.038835962958358054, 0.0, 0.0, 0.0, 1.0], "fov": 50.0, "aspect": 1.0}, {"camera_to_world": [-0.997598646815995, -0.019911334222628793, 0.06633610359653558, 0.014084008554838424, 0.06803364949816561, -0.46115416992764613, 0.884708004990519, 0.8002664245115387, 0.012975454013493353, 0.8870965958269811, 0.4614014166269166, -0.03893265093377353, 0.0, 0.0, 0.0, 1.0], "fov": 50.0, "aspect": 1.0}, {"camera_to_world": [-0.9985630278503635, -0.012979122545069836, 0.0519944399746271, 0.002085305055230968, 0.05213259745664116, -0.45999399010725506, 0.8863902759775916, 0.802737314553559, 0.012412561892649436, 0.8878271630464835, 0.46000962692545255, -0.039030101944506276, 0.0, 0.0, 0.0, 1.0], "fov": 50.0, "aspect": 1.0}, {"camera_to_world": [-0.9992764512229132, -0.00602989226126794, 0.03755282187344749, -0.009972163511205511, 0.0361334023667655, -0.4587119948746686, 0.8878500340662853, 0.8051732523600261, 0.01187228978515941, 0.8885645424826606, 0.45859797489504617, -0.03912807459654642, 0.0, 0.0, 0.0, 1.0], "fov": 50.0, "aspect": 1.0}, {"camera_to_world": [-0.999734253949824, 0.0009250556986522274, 0.02303401292313751, -0.0220707961837725, 0.020061400659832997, -0.457309814505497, 0.8890811401444265, 0.80756857022759, 0.011356129752452059, 0.8893069649052019, 0.4571697283155822, -0.039226327495884124, 0.0, 0.0, 0.0, 1.0], "fov": 50.0, "aspect": 1.0}, {"camera_to_world": [-0.999933199358174, 0.007874536378799956, 0.00846099864945694, -0.03419299200177175, 0.003942085829116404, -0.4557897136299174, 0.8900787588233271, 0.8099176004529001, 0.010865393717810493, 0.8900526549738378, 0.45572822448623873, -0.039324619248509524, 0.0, 0.0, 0.0, 1.0], "fov": 50.0, "aspect": 1.0}, {"camera_to_world": [-0.9998714919989227, 0.014807506834006307, -0.006143063503590523, -0.046321150004504874, -0.012198947732598945, -0.45415459137470415, 0.8908393754249376, 0.812214675332606, 0.010401209644344659, 0.890799834348119, 0.45427686487790464, -0.03942270846041276, 0.0, 0.0, 0.0, 1.0], "fov": 50.0, "aspect": 1.0}, {"camera_to_world": [-0.999548786183367, 0.02171309170495766, -0.020754895518147014, -0.05843766923127332, -0.028336061971224624, -0.452407978614483, 0.8913608071246569, 0.8144541271633574, 0.009964518619583064, 0.891546724818486, 0.4528191093959162, -0.03952035373758399, 0.0, 0.0, 0.0, 1.0], "fov": 50.0, "aspect": 1.0}, {"camera_to_world": [-0.9989661880990638, 0.028580608081263687, -0.03535115099302598, -0.0705249487213789, -0.044443632908540656, -0.4505540323862839, 0.8916422081722862, 0.8166302882418037, 0.009556072871080411, 0.892291551423729, 0.4513584703194542, -0.039617313686013345, 0.0, 0.0, 0.0, 1.0], "fov": 50.0, "aspect": 1.0}, {"camera_to_world": [-0.9981262514964865, 0.03539958940426843, -0.049908467654121005, -0.08256538751412301, -0.060496108297634715, -0.4485975275372246, 0.8916840691457543, 0.818737490864595, 0.00917643473327678, 0.893032545519758, 0.44989850598561376, -0.03971334691169097, 0.0, 0.0, 0.0, 1.0], "fov": 50.0, "aspect": 1.0}, {"camera_to_world": [-0.9970329669731012, 0.04215980816587127, -0.06440351965717066, -0.09454138464880746, -0.07646806461652676, -0.4465438456903519, 0.8914882102248317, 0.8207700673283804, 0.008825976581507664, 0.8937679477646802, 0.4484428142872786, -0.03980821202060703, 0.0, 0.0, 0.0, 1.0], "fov": 50.0, "aspect": 1.0}, {"camera_to_world": [-0.9956917449166044, 0.04885129716594383, -0.0788130691581849, -0.10643533916473369, -0.09233426282501067, -0.4443989616280706, 0.8910577685046324, 0.8227223499298099, 0.008504881744623917, 0.8944960109855704, 0.4469950260544432, -0.03990166761875165, 0.0, 0.0, 0.0, 1.0], "fov": 50.0, "aspect": 1.0}, {"camera_to_world": [-0.9941093922032759, 0.05546436909903365, -0.09311401663379726, -0.11822965010120345, -0.10806970231934801, -0.44216942720606467, 0.8903971794007818, 0.8245886709655327, 0.008213146403201303, 0.8952150028929958, 0.44555879838855494, -0.03999347231211498, 0.0, 0.0, 0.0, 1.0], "fov": 50.0, "aspect": 1.0}, {"camera_to_world": [-0.9922940827802438, 0.06198963425079752, -0.10728344944476317, -0.12990671649751814, -0.12364967253336724, -0.43986235292285525, 0.889512152229277, 0.8263633627321987, 0.007950582475878896, 0.8959232086103261, 0.44413780801871894, -0.04008338470668717, 0.0, 0.0, 0.0, 1.0], "fov": 50.0, "aspect": 1.0}, {"camera_to_world": [-0.9902553222913727, 0.06841801609593998, -0.12129868815080011, -0.1414489373929797, -0.13904980165275171, -0.4374853872809874, 0.88840964007373, 0.8280407575264576, 0.007716821492024205, 0.8966189329860819, 0.4427357447473156, -0.04017116340845836, 0.0, 0.0, 0.0, 1.0], "fov": 50.0, "aspect": 1.0}, {"camera_to_world": [-0.9880039069351548, 0.07474076460214589, -0.13513733010369927, -0.15283871182688946, -0.15424610193151844, -0.4350466940851424, 0.8870978040805422, 0.8296151876449587, 0.007511319444757358, 0.8973005026591008, 0.4413563050506062, -0.0402565670234187, 0.0, 0.0, 0.0, 1.0], "fov": 50.0, "aspect": 1.0}, {"camera_to_world": [-0.985551876768772, 0.08094946705850928, -0.14877728986809186, -0.16405843883854904, -0.16921501112583412, -0.4325549278300024, 0.8855859723480635, 0.8310809853843519, 0.0073333626144316405, 0.8979662678480325, 0.44000318589737586, -0.04033935415755832, 0.0, 0.0, 0.0, 1.0], "fov": 50.0, "aspect": 1.0}, {"camera_to_world": [-0.9829124636951592, 0.08703605626207214, -0.16219683604515467, -0.1750905174672602, -0.18393342959005124, -0.4300192073363379, 0.883884593598661, 0.8324324830412866, 0.007182074349032522, 0.8986146038386944, 0.4386800788454742, -0.04041928341686739, 0.0, 0.0, 0.0, 1.0], "fov": 50.0, "aspect": 1.0}, {"camera_to_world": [-0.9801000343889434, 0.09299281591216818, -0.17537462410371046, -0.18591734675232435, -0.19837875261296528, -0.42744908779741386, 0.8820051858423978, 0.8336640129124128, 0.0070564227846744015, 0.8992439121450222, 0.4373906644723907, -0.04049611340733603, 0.0, 0.0, 0.0, 1.0], "fov": 50.0, "aspect": 1.0}, {"camera_to_world": [-0.9771300284323036, 0.09881238307913048, -0.18828972485536666, -0.19652132573304337, -0.21252889760848231, -0.4248545313992954, 0.8799602802574721, 0.8347699072943795, 0.006955229486491327, 0.8998526213217967, 0.43613860719166064, -0.0405696027349544, 0.0, 0.0, 0.0, 1.0], "fov": 50.0, "aspect": 1.0}, {"camera_to_world": [-0.9740188919427009, 0.10448774763144625, -0.20092164824533143, -0.20688485344871851, -0.22636232581391136, -0.42224587667783875, 0.877763360525307, 0.8357444984838368, 0.006877178987792137, 0.9004391874099387, 0.4349275505020338, -0.04063951000571264, 0.0, 0.0, 0.0, 1.0], "fov": 50.0, "aspect": 1.0}, {"camera_to_world": [-0.970784006980982, 0.11001224852339624, -0.21325036216798, -0.2169903289386518, -0.23985805819051842, -0.419633806772142, 0.8754287978670761, 0.8365821187774343, 0.0068208292034033224, 0.901002093997981, 0.4337611127109382, -0.04070559382560089, 0.0, 0.0, 0.0, 1.0], "fov": 50.0, "aspect": 1.0}, {"camera_to_world": [-0.9674436170301438, 0.11537956686355628, -0.22525630605603764, -0.22682015124214444, -0.25299568526471833, -0.41702931672875754, 0.8729717820331776, 0.8372771004718214, 0.0067846226917016444, 0.9015398518862737, 0.43264288316787003, -0.04076761280060932, 0.0, 0.0, 0.0, 1.0], "fov": 50.0, "aspect": 1.0}, {"camera_to_world": [-0.9640167488321373, 0.12058371570298691, -0.2369203990338895, -0.23635671939849842, -0.26575537069375077, -0.4144436800031709, 0.8704082484977131, 0.8378237758636476, 0.006766898738958166, 0.9020509983436029, 0.4315764190369604, -0.04082532553672803, 0.0, 0.0, 0.0, 1.0], "fov": 50.0, "aspect": 1.0}, {"camera_to_world": [-0.9605231308622488, 0.12561902650049103, -0.24822404246899937, -0.24558243244701491, -0.27811784838687326, -0.4118884142948471, 0.8677548021061781, 0.8382164772495629, 0.006765906239291339, 0.9025340959491475, 0.43056524263114415, -0.04087849063994721, 0.0, 0.0, 0.0, 1.0], "fov": 50.0, "aspect": 1.0}, {"camera_to_world": [-0.9569831087078001, 0.13048013224077615, -0.2591491168003161, -0.25447968942699584, -0.2900644130615464, -0.4093752468395081, 0.8650286374163297, 0.8384495369262168, 0.0067798173437711995, 0.9029877310160538, 0.42961283932310956, -0.040926866716256984, 0.0, 0.0, 0.0, 1.0], "fov": 50.0, "aspect": 1.0}, {"camera_to_world": [-0.9534175576002514, 0.13516194719966118, -0.2696779725687056, -0.26303088937774277, -0.3015769041636278, -0.4069160792673786, 0.8622474559595678, 0.8385172871902589, 0.006806741853015913, 0.9034105115963954, 0.4287226560405757, -0.04097021237164749, 0.0, 0.0, 0.0, 1.0], "fov": 50.0, "aspect": 1.0}, {"camera_to_world": [-0.9498477923272398, 0.13965964336853204, -0.27979341562167476, -0.27121843133855733, -0.3126376831309985, -0.40452295211882194, 0.8594293806331935, 0.8384140603383384, 0.006844742328981801, 0.9038010650708749, 0.4278981003454001, -0.041008286212108884, 0.0, 0.0, 0.0, 1.0], "fov": 50.0, "aspect": 1.0}, {"camera_to_world": [-0.9462954747238224, 0.14396862356803175, -0.2894786865127424, -0.27902471434874104, -0.3232296040311338, -0.4022080090893091, 0.8565928674126881, 0.8381341886671055, 0.006891849903519931, 0.904158035330296, 0.42714254008769303, -0.04104084684363131, 0.0, 0.0, 0.0, 1.0], "fov": 50.0, "aspect": 1.0}, {"camera_to_world": [-0.9427825189103529, 0.1480844912984373, -0.29871743416468427, -0.28643213744759544, -0.3333359776547894, -0.39998346105394256, 0.8537566145478667, 0.8376720044732096, 0.006946080763653106, 0.9044800795596285, 0.42645930361739426, -0.041067652872204916, 0.0, 0.0, 0.0, 1.0], "fov": 50.0, "aspect": 1.0}, {"camera_to_world": [-0.9393309944082857, 0.1520030173913558, -0.3074936839154012, -0.29342309967442215, -0.3429405292001139, -0.3978615498980679, 0.8509394693776129, 0.8370218400533004, 0.007005453296348246, 0.9047658646393721, 0.42585168052677924, -0.04108846290381983, 0.0, 0.0, 0.0, 1.0], "fov": 50.0, "aspect": 1.0}, {"camera_to_world": [-0.9359630272249497, 0.1557201035442754, -0.31579180011531005, -0.2999800000685232, -0.35202734973408706, -0.3958545121547674, 0.8481603328651403, 0.8361780277040273, 0.007068005878784811, 0.905014063182927, 0.42532292288804086, -0.04110303554446622, 0.0, 0.0, 0.0, 1.0], "fov": 50.0, "aspect": 1.0}, {"camera_to_world": [-0.9327006989544614, 0.15923174283622765, -0.3235964434959018, -0.30608523766919965, -0.3605808416712307, -0.3939745424226191, 0.8454380619197095, 0.83513489972204, 0.007131815303673045, 0.9052233492327875, 0.4248762469405051, -0.04111112940013422, 0.0, 0.0, 0.0, 1.0], "fov": 50.0, "aspect": 1.0}, {"camera_to_world": [-0.9295659438945983, 0.16253397733948477, -0.33089252358062243, -0.31172121151575316, -0.36858565856325437, -0.3922337565078754, 0.842791369531756, 0.8338867884039882, 0.0071950158329895375, 0.9053923936426288, 0.42451483517214594, -0.041112503076813973, 0.0, 0.0, 0.0, 1.0], "fov": 50.0, "aspect": 1.0}, {"camera_to_world": [-0.9265804441293483, 0.16562285295890578, -0.33766514646142026, -0.3168703206474858, -0.3760266395476217, -0.3906441542046327, 0.8402387227069876, 0.8324280260465216, 0.007255818877473286, 0.9055198591767604, 0.4242418387298894, -0.041106915180495626, 0.0, 0.0, 0.0, 1.0], "fov": 50.0, "aspect": 1.0}, {"camera_to_world": [-0.9237655224742148, 0.1684943716475561, -0.3438995583175958, -0.32151496410369845, -0.3828887388584714, -0.3892175815945572, 0.8377982381415314, 0.8307529449462893, 0.007312533303275998, 0.9056043953629975, 0.42406038008272895, -0.04109412431716933, 0.0, 0.0, 0.0, 1.0], "fov": 50.0, "aspect": 1.0}, {"camera_to_world": [-0.9208605233748142, 0.17142303550844465, -0.3501857212779155, -0.3261295039521596, -0.3898224846748273, -0.3878211930984301, 0.835244367012226, 0.8286864025948779, 0.007370680552529735, 0.9056538329189474, 0.4239537804848683, -0.04107238290817663, 0.0, 0.0, 0.0, 1.0], "fov": 50.0, "aspect": 1.0}, {"camera_to_world": [-0.9175865311938711, 0.17467646256348768, -0.3571037541078307, -0.3311887276373525, -0.3974665511867084, -0.38631146675756933, 0.8323363450789347, 0.8260683971312313, 0.007436293387380305, 0.9056774172286302, 0.4239022498910978, -0.041040335576291574, 0.0, 0.0, 0.0, 1.0], "fov": 50.0, "aspect": 1.0}, {"camera_to_world": [-0.913936545150789, 0.17824011138962711, -0.36462371580802816, -0.3366756722636518, -0.4057876473005765, -0.3846838009527167, 0.8290686090926577, 0.8229159718230369, 0.007508444319783147, 0.905675900074847, 0.4239042194735887, -0.04099832922965302, 0.0, 0.0, 0.0, 1.0], "fov": 50.0, "aspect": 1.0}, {"camera_to_world": [-0.90990294414972, 0.18209923636596087, -0.3727150390614874, -0.34257337493543244, -0.4147518334174583, -0.3829332804605179, 0.8254350485608203, 0.8192461699379816, 0.007586099427839776, 0.9056500266828688, 0.42395811145063655, -0.04094671077639982, 0.0, 0.0, 0.0, 1.0], "fov": 50.0, "aspect": 1.0}, {"camera_to_world": [-0.9054777033002754, 0.18623889056482945, -0.38134656739931505, -0.34886487275706923, -0.4243245556877344, -0.3810547732603987, 0.8214292003671853, 0.8150760347437529, 0.007668133179962261, 0.9056005385470174, 0.4240623354141305, -0.040885827124670836, 0.0, 0.0, 0.0, 1.0], "fov": 50.0, "aspect": 1.0}, {"camera_to_world": [-0.900652603052693, 0.19064393008971603, -0.3904865945642125, -0.35553320283293705, -0.4344706828876763, -0.3790430239764696, 0.8170444367877978, 0.8104226095080378, 0.0077533428612715505, 0.9055281762014482, 0.4242152847078411, -0.04081602518260492, 0.0, 0.0, 0.0, 1.0], "fov": 50.0, "aspect": 1.0}, {"camera_to_world": [-0.8954194305080834, 0.19529902030639232, -0.4001029069326324, -0.36256140226741057, -0.44515454688744804, -0.37689274383870963, 0.8122741464722114, 0.8053029374985232, 0.007840462614550181, 0.9054336818945339, 0.42441533294274103, -0.04073765185834095, 0.0, 0.0, 0.0, 1.0], "fov": 50.0, "aspect": 1.0}, {"camera_to_world": [-0.8897701724599629, 0.20018864434235825, -0.4101628297114902, -0.3699325081648648, -0.45633998751849014, -0.3745986970370534, 0.8071119079593401, 0.7997340619828968, 0.007928177103999484, 0.9053178021305617, 0.4246608307264714, -0.040651054060017754, 0.0, 0.0, 0.0, 1.0], "fov": 50.0, "aspect": 1.0}, {"camera_to_world": [-0.8836971997190383, 0.2052971141601324, -0.42063327748319324, -0.37762955762967443, -0.46799040249002644, -0.37215578333156574, 0.8015516552974565, 0.7937330262288453, 0.008015134805763574, 0.9051812900465802, 0.42495010267519007, -0.04055657869577421, 0.0, 0.0, 0.0, 1.0], "fov": 50.0, "aspect": 1.0}, {"camera_to_world": [-0.8771934422707957, 0.21060858444242292, -0.43148080953418133, -0.3856355877662145, -0.48006880285031084, -0.36955911677239295, 0.7955878353395551, 0.787316873504056, 0.008099960924786181, 0.9050249075962322, 0.42528144476740193, -0.040454572673749176, 0.0, 0.0, 0.0, 1.0], "fov": 50.0, "aspect": 1.0}, {"camera_to_world": [-0.8702525548162836, 0.21610706946175406, -0.4426716902676119, -0.3939336356788596, -0.49253787433862584, -0.3668041003752863, 0.7892155562898298, 0.7805026470762162, 0.008181269933204421, 0.9048494275162746, 0.4256531220909231, -0.04034538290208149, 0.0, 0.0, 0.0, 1.0], "fov": 50.0, "aspect": 1.0}, {"camera_to_world": [-0.8628690722517877, 0.22177646304386078, -0.45417195487072304, -0.4025067384719847, -0.5053600448294175, -0.36388649659275274, 0.7824307270854471, 0.7733073902130129, 0.008257677721257545, 0.9046556350552444, 0.4260633670258971, -0.04022935628891004, 0.0, 0.0, 0.0, 1.0], "fov": 50.0, "aspect": 1.0}, {"camera_to_world": [-0.8550385546538644, 0.22760056167324236, -0.4659474802823342, -0.4113379332499646, -0.5184975579308715, -0.3608024934177486, 0.7752301872110365, 0.7657481461821333, 0.008327813347701385, 0.904444329447402, 0.4265103778986924, -0.04010683974237366, 0.0, 0.0, 0.0, 1.0], "fov": 50.0, "aspect": 1.0}, {"camera_to_world": [-0.846757721353199, 0.23356309073087522, -0.47796406138639785, -0.42041025711717417, -0.5319125526672315, -0.3575487659566702, 0.767611826562028, 0.7578419582512644, 0.008390330373055255, 0.9042163251186655, 0.4269923181336255, -0.03997818017061122, 0.0, 0.0, 0.0, 1.0], "fov": 50.0, "aspect": 1.0}, {"camera_to_world": [-0.8380245737045637, 0.23964773379843887, -0.4901874922440982, -0.4297067471779881, -0.5455671490478687, -0.354122533311493, 0.7595746949976887, 0.7496058696880938, 0.008443917755748792, 0.9039724526147486, 0.4275073159217402, -0.03984372448176158, 0.0, 0.0, 0.0, 1.0], "fov": 50.0, "aspect": 1.0}, {"camera_to_world": [-0.8288385061911036, 0.2458381649106833, -0.5025836520702286, -0.4392104405367814, -0.5594235392070741, -0.35052161061741316, 0.751119101255724, 0.7410569237603083, 0.008487310288430888, 0.9037135592451421, 0.4280534644183426, -0.03970381958396359, 0.0, 0.0, 0.0, 1.0], "fov": 50.0, "aspect": 1.0}, {"camera_to_world": [-0.8192004055394997, 0.2521180835880663, -0.5151185955600901, -0.44890437429792895, -0.5734440836874548, -0.34674445609242655, 0.7422467009377828, 0.7322121637355952, 0.00851929854942024, 0.9034405094399122, 0.42862882247368506, -0.0395588123853561, 0.0, 0.0, 0.0, 1.0], "fov": 50.0, "aspect": 1.0}, {"camera_to_world": [-0.8091127375681658, 0.2584712524356933, -0.5277586470814783, -0.4587715855658054, -0.5875914123372346, -0.3427902129688838, 0.732960573319112, 0.7230886328816415, 0.00853873834254476, 0.903154184819553, 0.429231415894091, -0.039409049794077985, 0.0, 0.0, 0.0, 1.0], "fov": 50.0, "aspect": 1.0}, {"camera_to_world": [-0.7985796215433457, 0.264881537052186, -0.5404704981629975, -0.4687951114447856, -0.6018285291982863, -0.3386587461941719, 0.7232652867857127, 0.7137033744661345, 0.008544559597469525, 0.9028554839812756, 0.42985923922398384, -0.0392548787182681, 0.0, 0.0, 0.0, 1.0], "fov": 50.0, "aspect": 1.0}, {"camera_to_world": [-0.7876068918774705, 0.27133294795360585, -0.553221307635485, -0.4789579890392444, -0.6161189206779368, -0.3343506738081631, 0.7131669527583855, 0.7040734317567615, 0.008535774702065124, 0.902545322008171, 0.430510258032724, -0.03909664606606529, 0.0, 0.0, 0.0, 1.0], "fov": 50.0, "aspect": 1.0}, {"camera_to_world": [-0.7762021470697864, 0.2778096841832113, -0.5659788037181935, -0.48924325545355674, -0.6304266662239677, -0.3298673929286965, 0.7026732680244485, 0.6942158480212093, 0.008511486238434007, 0.9022246297106109, 0.4311824116839228, -0.03893469874560843, 0.0, 0.0, 0.0, 1.0], "fov": 50.0, "aspect": 1.0}, {"camera_to_world": [-0.7643747858604892, 0.28429617824780773, -0.578711387285944, -0.49963394779209735, -0.6447165506592525, -0.32521110030289235, 0.6917935454641201, 0.6841476665271654, 0.008470894094875281, 0.9018943526120301, 0.431873616559012, -0.03876938366503637, 0.0, 0.0, 0.0, 1.0], "fov": 50.0, "aspect": 1.0}, {"camera_to_world": [-0.7521360306455787, 0.29077714199598564, -0.5913882355080802, -0.5101131031592411, -0.6589541772804794, -0.320384807411211, 0.680538733228821, 0.6738859305423168, 0.008413301927333139, 0.9015554496938768, 0.4325817697013496, -0.03860104773248797, 0.0, 0.0, 0.0, 1.0], "fov": 50.0, "aspect": 1.0}, {"camera_to_world": [-0.7394989382794449, 0.29723761303272256, -0.6039794050149264, -0.5206637586593627, -0.6731060807846839, -0.3153923501424518, 0.6689214225021536, 0.6634476833343508, 0.008338122945696247, 0.9012088919169803, 0.4333047528420514, -0.038430037856102085, 0.0, 0.0, 0.0, 1.0], "fov": 50.0, "aspect": 1.0}, {"camera_to_world": [-0.7264783984748343, 0.3036630012488277, -0.6164559337227549, -0.5312689513968373, -0.6871398390580563, -0.31023839309095935, 0.6569558440501212, 0.6528499681709542, 0.008244885002682, 0.900855660538853, 0.43404043676413273, -0.03825670094401758, 0.0, 0.0, 0.0, 1.0], "fov": 50.0, "aspect": 1.0}, {"camera_to_world": [-0.7130911200942557, 0.3100391350325364, -0.6287899404340027, -0.5419117184760394, -0.7010241828437229, -0.3049284285616831, 0.644657853844342, 0.6421098283198146, 0.008133234965896352, 0.9004967452485207, 0.43478668595739023, -0.038081383904373295, 0.0, 0.0, 0.0, 1.0], "fov": 50.0, "aspect": 1.0}, {"camera_to_world": [-0.6993556057118745, 0.31635230672428494, -0.6409547213256184, -0.5525750970013439, -0.7147291022989118, -0.2994687704039267, 0.632044908119472, 0.6312443070486189, 0.008002942356959253, 0.9001331421423079, 0.43554136351286654, -0.0379044336453081, 0.0, 0.0, 0.0, 1.0], "fov": 50.0, "aspect": 1.0}, {"camera_to_world": [-0.6852921149094772, 0.3225893168742666, -0.6529248424447417, -0.5632421240771258, -0.7282259494569101, -0.2938665428301809, 0.6191360283028438, 0.6202704476250543, 0.007853902245284372, 0.8997658515656348, 0.43630233620264947, -0.03772619707496086, 0.0, 0.0, 0.0, 1.0], "fov": 50.0, "aspect": 1.0}, {"camera_to_world": [-0.6709226168527519, 0.32873751686569086, -0.6646762273471462, -0.5738958368077599, -0.7414875356251828, -0.2881296644117023, 0.605951756329242, 0.6092052933168081, 0.007686137388109637, 0.8993958758472151, 0.43706747968828763, -0.03754702110147042, 0.0, 0.0, 0.0, 1.0], "fov": 50.0, "aspect": 1.0}, {"camera_to_world": [-0.6562707327740132, 0.3347848494746358, -0.6761862390395896, -0.5845192722976208, -0.7544882227775523, -0.2822668274771316, 0.5925141009258474, 0.5980658873915673, 0.007499799612660729, 0.8990242169531588, 0.4378346837991818, -0.03736725263297565, 0.0, 0.0, 0.0, 1.0], "fov": 50.0, "aspect": 1.0}, {"camera_to_world": [-0.6413616690631825, 0.34071988694978506, -0.687433755421869, -0.5950954676510836, -0.7672040080348436, -0.27628747317374813, 0.5788464755205278, 0.5868692731170191, 0.007295170440787091, 0.8986518740892888, 0.4386018578210184, -0.0371872385776154, 0.0, 0.0, 0.0, 1.0], "fov": 50.0, "aspect": 1.0}, {"camera_to_world": [-0.6262221417394006, 0.3465318662119246, -0.6983992374673662, -0.605607459972523, -0.7796126003742172, -0.27020176248254824, 0.5649736284899285, 0.5756324937608507, 0.007072660960987298, 0.8982798412805473, 0.4393669357335912, -0.03700732584352853, 0.0, 0.0, 0.0, 1.0], "fov": 50.0, "aspect": 1.0}, {"camera_to_world": [-0.6108802931398754, 0.35221072079360044, -0.7090647894313978, -0.6160382863663137, -0.7916934887617564, -0.26402054350765636, 0.5509215665211888, 0.5643725925907492, 0.006832810957347779, 0.8979091049566066, 0.44012788133728464, -0.03682786133885389, 0.0, 0.0, 0.0, 1.0], "fov": 50.0, "aspect": 1.0}, {"camera_to_world": [-0.5953656017195865, 0.35774710916337765, -0.7194142104339625, -0.6263709839368309, -0.8034280009648023, -0.2577553153871879, 0.5367174719117623, 0.553106612874402, 0.00657628730947879, 0.8975406415727915, 0.44088269320798384, -0.03664919197173036, 0.0, 0.0, 0.0, 1.0], "fov": 50.0, "aspect": 1.0}, {"camera_to_world": [-0.5797087859042769, 0.3631324391064049, -0.729433036826564, -0.6365885897884491, -0.8147993523691154, -0.251418189196137, 0.5223896146749152, 0.541851597879496, 0.00630388168198337, 0.897175415295119, 0.44162940942125956, -0.03647166465029678, 0.0, 0.0, 0.0, 1.0], "fov": 50.0, "aspect": 1.0}, {"camera_to_world": [-0.5639417029790479, 0.3683588878629743, -0.7391085748206718, -0.6466741410255434, -0.8257926842000228, -0.2450218462318201, 0.5079672603533342, 0.5306245908737182, 0.0060165075262257894, 0.8968143757776764, 0.4423661119883435, -0.036295626282692006, 0.0, 0.0, 0.0, 1.0], "fov": 50.0, "aspect": 1.0}, {"camera_to_world": [-0.5480972440250811, 0.37341941775907495, -0.7484299229270464, -0.6566106747524884, -0.8363950906252254, -0.23857949408844503, 0.4934805744692724, 0.5194426351247563, 0.005715196421140878, 0.8964584560597192, 0.443090930948595, -0.036121423777054906, 0.0, 0.0, 0.0, 1.0], "fov": 50.0, "aspect": 1.0}, {"camera_to_world": [-0.5322092259369755, 0.3783077870970555, -0.7573879838294864, -0.666381228073659, -0.8465956342986347, -0.23210482093925677, 0.4789605245563019, 0.508322773900297, 0.005401093783451771, 0.8961085706087654, 0.4438020480658667, -0.03594940404152433, 0.0, 0.0, 0.0, 1.0], "fov": 50.0, "aspect": 1.0}, {"camera_to_world": [-0.5163122815625412, 0.3830185561099513, -0.7659754653924185, -0.6759688380934299, -0.8563853499882936, -0.2256119484522059, 0.4644387807246804, 0.49728205046802765, 0.005075453980864897, 0.8957656135346166, 0.4444977000793597, -0.035779913984239145, 0.0, 0.0, 0.0, 1.0], "fov": 50.0, "aspect": 1.0}, {"camera_to_world": [-0.5004417490051777, 0.38754708781927605, -0.7741868705780517, -0.6853565419161762, -0.8657572360158473, -0.2191153837679004, 0.44994761570925795, 0.4863375080956353, 0.004739634884570021, 0.8954304569976632, 0.4451761814631563, -0.0356133005133382, 0.0, 0.0, 0.0, 1.0], "fov": 50.0, "aspect": 1.0}, {"camera_to_world": [-0.48463356111612166, 0.3918895436726356, -0.78201847612442, -0.6945273766462727, -0.8747062333189933, -0.21262997096675962, 0.4355198053356174, 0.4755061900508072, 0.004395091899565273, 0.8951039498330507, 0.44583584665262826, -0.03544991053696035, 0.0, 0.0, 0.0, 1.0], "fov": 50.0, "aspect": 1.0}, {"camera_to_world": [-0.4689241361797307, 0.39604287387383813, -0.7894682999094044, -0.703464379388094, -0.8832291920305295, -0.20617084244554507, 0.4211885303167604, 0.4648051396012306, 0.004043371512974181, 0.894786916410296, 0.44647511170026305, -0.035290090963244466, 0.0, 0.0, 0.0, 1.0], "fov": 50.0, "aspect": 1.0}, {"camera_to_world": [-0.45335027075967727, 0.4000048023538203, -0.7965360569968001, -0.7121505872460152, -0.8913248255470445, -0.199753370611904, 0.40698728025911923, 0.45425140001459263, 0.0036861044015416566, 0.8944801557458193, 0.447092455328063, -0.0351341887003294, 0.0, 0.0, 0.0, 1.0], "fov": 50.0, "aspect": 1.0}, {"camera_to_world": [-0.4379490356275926, 0.40377380636515203, -0.8032231044275675, -0.7205690373244111, -0.8989936521356713, -0.19339312028918043, 0.3929497607132277, 0.44386201455858015, 0.0033249981398463246, 0.8941844408835415, 0.4476864193485864, -0.03498255065635401, 0.0, 0.0, 0.0, 1.0], "fov": 50.0, "aspect": 1.0}, {"camera_to_world": [-0.4227576756386191, 0.4073490907157177, -0.8095323748817649, -0.7287027667276564, -0.9062379241978048, -0.18710580220258854, 0.37910980405125344, 0.4336540265008807, 0.0029618295504728054, 0.8939005185562898, 0.44825560843174067, -0.03483552373945715, 0.0, 0.0, 0.0, 1.0], "fov": 50.0, "aspect": 1.0}, {"camera_to_world": [-0.4078135143508732, 0.41073055668799535, -0.8154682993933977, -0.7365348125601259, -0.9130615453732118, -0.18090722789209635, 0.3655012848911476, 0.42364447910918124, 0.0025984367363771077, 0.8936291091382189, 0.4487986891996904, -0.03469345485777768, 0.0, 0.0, 0.0, 1.0], "fov": 50.0, "aspect": 1.0}, {"camera_to_world": [-0.39315386410840536, 0.41391876571877406, -0.8210367193508928, -0.7440482119261944, -0.9194699757258392, -0.1748132663671086, 0.3521580407157949, 0.413850415651169, 0.0022367108339592656, 0.8933709068958477, 0.4493143886375507, -0.034556690919454465, 0.0, 0.0, 0.0, 1.0], "fov": 50.0, "aspect": 1.0}, {"camera_to_world": [-0.37881594222042814, 0.4169148979399272, -0.8262447880594401, -0.7512260019302371, -0.9254701253031173, -0.16883980278351485, 0.33911379825577137, 0.4042888793945312, 0.0018785875229630489, 0.893126580542626, 0.4498014918129493, -0.034425578832626355, 0.0, 0.0, 0.0, 1.0], "fov": 50.0, "aspect": 1.0}, {"camera_to_world": [-0.364836793773862, 0.4197207057036601, -0.8311008621776478, -0.7580512196766285, -0.9310702364031593, -0.16300269938506717, 0.32640210611659065, 0.39497691360695486, 0.0015260383262029054, 0.8928967740992251, 0.45025883890294066, -0.034300465505432205, 0.0, 0.0, 0.0, 1.0], "fov": 50.0, "aspect": 1.0}, {"camera_to_world": [-0.35125322151228755, 0.4223384622353846, -0.8356143833694408, -0.7645069022697434, -0.9362797549186003, -0.1573177589086362, 0.3140562740362472, 0.3859315615561273, 0.0011810617283409819, 0.8926821080589749, 0.450685321532196, -0.03418169784601088, 0.0, 0.0, 0.0, 1.0], "fov": 50.0, "aspect": 1.0}, {"camera_to_world": [-0.33810172310276077, 0.42477090557385044, -0.83979575053278, -0.7705760868139568, -0.941109191151694, -0.15180069060692625, 0.30210931905696764, 0.3771698665097354, 0.0008456741384895161, 0.8924831808550968, 0.4510798784317697, -0.03406962276250124, 0.0, 0.0, 0.0, 1.0], "fov": 50.0, "aspect": 1.0}, {"camera_to_world": [-0.3254184359932706, 0.42702117797140704, -0.8436561829795393, -0.7762418104136434, -0.9455699705126723, -0.1464670789929532, 0.29059391878691504, 0.36870887173546674, 0.0005219007163583256, 0.8923005706235898, 0.4514414904330994, -0.03396458716304214, 0.0, 0.0, 0.0, 1.0], "fov": 50.0, "aspect": 1.0}, {"camera_to_world": [-0.3132390899384804, 0.42909276093727516, -0.8472075749459156, -0.7814871101731782, -0.9496742745223974, -0.14133235535828437, 0.2795423718137163, 0.36056562050100827, 0.0002117660760154183, 0.8921348372528148, 0.45176917481721, -0.03386693795577243, 0.0, 0.0, 0.0, 1.0], "fov": 50.0, "a