{
    "w": 512,
    "h": 512,
    "fl_x": 568.1776294786748,
    "fl_y": 613.3690294237228,
    "cx": 264.14571466529355,
    "cy": 256.5724940726332,
    "k1": 0.0034105366778889694,
    "k2": -0.045137666892673796,
    "p1": -0.017102988687702873,
    "p2": -0.0026367535197283484,
    "camera_model": "OPENCV",
    "frames": [
        {
            "file_path": "images/frame_00116.jpg",
            "transform_matrix": [
                [
                    -0.7883861460951133,
                    -0.009595103052776392,
                    0.6151058597044106,
                    1.8446672034013925
                ],
                [
                    0.5692323089075801,
                    -0.3905457392412493,
                    0.7234974803385649,
                    4.602557525565028
                ],
                [
                    0.23328493980761045,
                    0.9205335189757692,
                    0.31336269289921354,
                    0.7933914331873795
                ],
                [
                    0.0,
                    0.0,
                    0.0,
                    1.0
                ]
            ],
            "colmap_im_id": 116
        },
        {
            "file_path": "images/frame_00115.jpg",
            "transform_matrix": [
                [
                    0.9950850379675874,
                    0.048018920103450324,
                    0.08660225473475607,
                    0.24238028394770175
                ],
                [
                    0.08688663906875391,
                    -0.0038630695534630534,
                    -0.9962107149820068,
                    -2.506095185801288
                ],
                [
                    -0.04750241219539503,
                    0.9988389559912667,
                    -0.008016285292779032,
                    -0.7364504443218459
                ],
                [
                    0.0,
                    0.0,
                    0.0,
                    1.0
                ]
            ],
            "colmap_im_id": 115
        },
        {
            "file_path": "images/frame_00114.jpg",
            "transform_matrix": [
                [
                    0.7487187985184539,
                    0.11173019315527435,
                    0.653403799103256,
                    2.1573069994615133
                ],
                [
                    0.6585953483466126,
                    -0.23737071209169472,
                    -0.7140779454494349,
                    -1.265005773319012
                ],
                [
                    0.07531485830357167,
                    0.9649722840468357,
                    -0.25130889984269567,
                    -1.3880585958059026
                ],
                [
                    0.0,
                    0.0,
                    0.0,
                    1.0
                ]
            ],
            "colmap_im_id": 114
        },
        {
            "file_path": "images/frame_00113.jpg",
            "transform_matrix": [
                [
                    0.7879938641134439,
                    -0.02751599527764543,
                    0.6150679150495855,
                    2.181731505047787
                ],
                [
                    0.6150635060048456,
                    -0.009625353900705201,
                    -0.7884188202619935,
                    -1.5752381966552091
                ],
                [
                    0.027614374890456934,
                    0.9995750209794996,
                    0.009339364713005253,
                    -0.5490956380010593
                ],
                [
                    0.0,
                    0.0,
                    0.0,
                    1.0
                ]
            ],
            "colmap_im_id": 113
        },
        {
            "file_path": "images/frame_00112.jpg",
            "transform_matrix": [
                [
                    0.8456203696821547,
                    0.04311838073789428,
                    0.5320404078837977,
                    1.739278656083479
                ],
                [
                    0.5300911772547202,
                    -0.18488841478592735,
                    -0.8275382878602365,
                    -1.657378324210138
                ],
                [
                    0.06268599664455075,
                    0.9818131590687145,
                    -0.17920208286789105,
                    -1.1211556881334166
                ],
                [
                    0.0,
                    0.0,
                    0.0,
                    1.0
                ]
            ],
            "colmap_im_id": 112
        },
        {
            "file_path": "images/frame_00111.jpg",
            "transform_matrix": [
                [
                    0.9915572990299079,
                    0.09175817645433264,
                    -0.091621830336932,
                    -0.4841907808584614
                ],
                [
                    -0.10064142361376138,
                    0.09904165956204296,
                    -0.9899808349277232,
                    -2.8488748678848665
                ],
                [
                    -0.08176445800902392,
                    0.9908436742115135,
                    0.10744015395334572,
                    -0.39822378428017385
                ],
                [
                    0.0,
                    0.0,
                    0.0,
                    1.0
                ]
            ],
            "colmap_im_id": 111
        },
        {
            "file_path": "images/frame_00110.jpg",
            "transform_matrix": [
                [
                    0.53617672510361,
                    0.3342136697856412,
                    -0.7751230498350458,
                    -3.9582763351112065
                ],
                [
                    -0.8174372331196669,
                    -0.023412570229451722,
                    -0.5755416765664452,
                    -0.7877618899430873
                ],
                [
                    -0.21050151868058206,
                    0.9422064924864748,
                    0.26064542226845877,
                    0.3272338667988151
                ],
                [
                    0.0,
                    0.0,
                    0.0,
                    1.0
                ]
            ],
            "colmap_im_id": 110
        },
        {
            "file_path": "images/frame_00109.jpg",
            "transform_matrix": [
                [
                    0.9955582657366331,
                    0.035429895478652024,
                    0.08722649843848518,
                    0.205184668229737
                ],
                [
                    0.08497231218509131,
                    0.060801066914196594,
                    -0.9945264885482008,
                    -2.8020397224252624
                ],
                [
                    -0.040539433708262976,
                    0.9975209034243179,
                    0.05752044459273736,
                    -0.5428597586047618
                ],
                [
                    0.0,
                    0.0,
                    0.0,
                    1.0
                ]
            ],
            "colmap_im_id": 109
        },
        {
            "file_path": "images/frame_00108.jpg",
            "transform_matrix": [
                [
                    -0.6363521594679348,
                    0.3155121118283865,
                    -0.7039233171518664,
                    -2.908282131570986
                ],
                [
                    -0.7678699954927467,
                    -0.34626863729821744,
                    0.5389561214473808,
                    3.531770310312453
                ],
                [
                    -0.07369938373191812,
                    0.883487486110147,
                    0.4626210789883101,
                    1.0544138604937119
                ],
                [
                    0.0,
                    0.0,
                    0.0,
                    1.0
                ]
            ],
            "colmap_im_id": 108
        },
        {
            "file_path": "images/frame_00106.jpg",
            "transform_matrix": [
                [
                    0.43496855736273066,
                    0.3239972382229859,
                    -0.8401357888637188,
                    -4.13326646557418
                ],
                [
                    -0.875450388334352,
                    -0.06614386458197376,
                    -0.4787604899565065,
                    -0.44532918775115105
                ],
                [
                    -0.2106869043652632,
                    0.9437429622529852,
                    0.25487300666595347,
                    0.4206895167161525
                ],
                [
                    0.0,
                    0.0,
                    0.0,
                    1.0
                ]
            ],
            "colmap_im_id": 107
        },
        {
            "file_path": "images/frame_00107.jpg",
            "transform_matrix": [
                [
                    -0.1488509004730267,
                    0.34958617426274036,
                    -0.9250042790131885,
                    -4.111772785470097
                ],
                [
                    -0.9720916784436056,
                    -0.22326330685168128,
                    0.07205043035502427,
                    2.005740246486061
                ],
                [
                    -0.18133167988264268,
                    0.9099137335912636,
                    0.3730627551672048,
                    0.8334340769619435
                ],
                [
                    0.0,
                    0.0,
                    0.0,
                    1.0
                ]
            ],
            "colmap_im_id": 106
        },
        {
            "file_path": "images/frame_00105.jpg",
            "transform_matrix": [
                [
                    0.8163894603162245,
                    0.22536852103515062,
                    -0.531711650061396,
                    -2.564884578023935
                ],
                [
                    -0.5526111049269594,
                    0.03747026571910266,
                    -0.8325965084591366,
                    -2.1846189251708763
                ],
                [
                    -0.1677176669167228,
                    0.9735527766450921,
                    0.15513147743331304,
                    -0.13647775941104176
                ],
                [
                    0.0,
                    0.0,
                    0.0,
                    1.0
                ]
            ],
            "colmap_im_id": 105
        },
        {
            "file_path": "images/frame_00104.jpg",
            "transform_matrix": [
                [
                    0.9663176390852691,
                    0.13976765249641768,
                    -0.21609077654613637,
                    -1.0454869777245526
                ],
                [
                    -0.22258292639483807,
                    0.03242893956884005,
                    -0.9743742631843015,
                    -2.5328458640952207
                ],
                [
                    -0.12917840868419808,
                    0.9896531549962749,
                    0.062446549430189825,
                    -0.4623738010895475
                ],
                [
                    0.0,
                    0.0,
                    0.0,
                    1.0
                ]
            ],
            "colmap_im_id": 104
        },
        {
            "file_path": "images/frame_00103.jpg",
            "transform_matrix": [
                [
                    -0.3673922996335044,
                    -0.11077066238032442,
                    0.923446131902575,
                    3.1195659794861412
                ],
                [
                    0.8879775454695353,
                    -0.337079300974803,
                    0.3128472847832242,
                    2.792261835362961
                ],
                [
                    0.2766202756702821,
                    0.9349371129707936,
                    0.22220220043450245,
                    0.2856644900450648
                ],
                [
                    0.0,
                    0.0,
                    0.0,
                    1.0
                ]
            ],
            "colmap_im_id": 103
        },
        {
            "file_path": "images/frame_00102.jpg",
            "transform_matrix": [
                [
                    0.7537573549881502,
                    -0.05798264177214279,
                    0.6545898433785782,
                    2.342203330777261
                ],
                [
                    0.6527564170046057,
                    -0.04896738569383275,
                    -0.7559836342128187,
                    -1.3898799468720804
                ],
                [
                    0.0758874815801489,
                    0.9971159453099899,
                    0.0009390143703775062,
                    -0.5809487106342379
                ],
                [
                    0.0,
                    0.0,
                    0.0,
                    1.0
                ]
            ],
            "colmap_im_id": 102
        },
        {
            "file_path": "images/frame_00101.jpg",
            "transform_matrix": [
                [
                    0.9827432661382817,
                    0.04590662829459771,
                    0.17918776280339072,
                    0.5240439963347495
                ],
                [
                    0.1801987416296642,
                    -0.01888834735190633,
                    -0.983448851669165,
                    -2.4491993287053835
                ],
                [
                    -0.041762260175283866,
                    0.9987671459419034,
                    -0.02683471281971403,
                    -0.7563470428772725
                ],
                [
                    0.0,
                    0.0,
                    0.0,
                    1.0
                ]
            ],
            "colmap_im_id": 101
        },
        {
            "file_path": "images/frame_00100.jpg",
            "transform_matrix": [
                [
                    0.15990125504271505,
                    0.3488899132940147,
                    -0.9234215814228403,
                    -4.367388337336724
                ],
                [
                    -0.9630389783912897,
                    -0.15028297760997333,
                    -0.2235418366654015,
                    0.7644278995261975
                ],
                [
                    -0.21676603685731158,
                    0.9250355966352727,
                    0.31196414893830277,
                    0.6725155311705908
                ],
                [
                    0.0,
                    0.0,
                    0.0,
                    1.0
                ]
            ],
            "colmap_im_id": 100
        },
        {
            "file_path": "images/frame_00099.jpg",
            "transform_matrix": [
                [
                    0.9463529695937177,
                    0.04427774968013854,
                    0.320086766087595,
                    0.919119315389665
                ],
                [
                    0.32242719662598207,
                    -0.0638751542153533,
                    -0.9444366932462308,
                    -2.24938678693604
                ],
                [
                    -0.021371939946155515,
                    0.9969751479135414,
                    -0.07472479257723033,
                    -0.8194367942557571
                ],
                [
                    0.0,
                    0.0,
                    0.0,
                    1.0
                ]
            ],
            "colmap_im_id": 99
        },
        {
            "file_path": "images/frame_00098.jpg",
            "transform_matrix": [
                [
                    0.2870492703733883,
                    0.29707427961140376,
                    -0.9106863284202033,
                    -4.346281701482434
                ],
                [
                    -0.9339240699521345,
                    -0.12464832221242547,
                    -0.3350352628211951,
                    0.2727188534612966
                ],
                [
                    -0.21304588224639606,
                    0.9466835100301437,
                    0.24166461034843703,
                    0.5833432689875763
                ],
                [
                    0.0,
                    0.0,
                    0.0,
                    1.0
                ]
            ],
            "colmap_im_id": 98
        },
        {
            "file_path": "images/frame_00097.jpg",
            "transform_matrix": [
                [
                    -0.3299672091240809,
                    -0.09181775152140433,
                    0.9395164402012449,
                    3.07398717578719
                ],
                [
                    0.9059392988941525,
                    -0.3105313931025034,
                    0.2878267545190857,
                    2.5432341525301916
                ],
                [
                    0.2653217435907516,
                    0.94611825603535,
                    0.1856464865667844,
                    0.2387584023162034
                ],
                [
                    0.0,
                    0.0,
                    0.0,
                    1.0
                ]
            ],
            "colmap_im_id": 97
        },
        {
            "file_path": "images/frame_00096.jpg",
            "transform_matrix": [
                [
                    0.2720909439646067,
                    -0.14460443299563566,
                    0.951344352046334,
                    3.018528455235696
                ],
                [
                    0.9333493504207564,
                    -0.20090648601140984,
                    -0.2974820565138312,
                    0.01741526718760444
                ],
                [
                    0.2341484748649889,
                    0.9688788065782831,
                    0.08030161817698198,
                    -0.19850516362933782
                ],
                [
                    0.0,
                    0.0,
                    0.0,
                    1.0
                ]
            ],
            "colmap_im_id": 96
        },
        {
            "file_path": "images/frame_00095.jpg",
            "transform_matrix": [
                [
                    0.599811164036532,
                    0.3149916830919845,
                    -0.7355316492714767,
                    -3.7553798157175384
                ],
                [
                    -0.7688628219896514,
                    -0.027612822256661666,
                    -0.6388172610450747,
                    -1.2903590623195071
                ],
                [
                    -0.22153222894028213,
                    0.948692664475646,
                    0.22562291530527123,
                    0.21183889875675752
                ],
                [
                    0.0,
                    0.0,
                    0.0,
                    1.0
                ]
            ],
            "colmap_im_id": 95
        },
        {
            "file_path": "images/frame_00094.jpg",
            "transform_matrix": [
                [
                    -0.7440278878431899,
                    -0.03044438494637972,
                    0.6674545988581098,
                    2.0417733220740324
                ],
                [
                    0.6262796720867312,
                    -0.3798424333417518,
                    0.6808035679724035,
                    4.40643805413585
                ],
                [
                    0.2328009330791864,
                    0.9245500880202508,
                    0.30168006281358173,
                    0.7138545286280973
                ],
                [
                    0.0,
                    0.0,
                    0.0,
                    1.0
                ]
            ],
            "colmap_im_id": 94
        },
        {
            "file_path": "images/frame_00093.jpg",
            "transform_matrix": [
                [
                    0.9439841526395066,
                    0.15589842358688655,
                    -0.290842914798687,
                    -1.3575872565404443
                ],
                [
                    -0.30001773692401273,
                    0.03843837796728866,
                    -0.9531588790071871,
                    -2.5663808757315882
                ],
                [
                    -0.13741643677692456,
                    0.9870249098287072,
                    0.0830575118888469,
                    -0.3899345436196233
                ],
                [
                    0.0,
                    0.0,
                    0.0,
                    1.0
                ]
            ],
            "colmap_im_id": 93
        },
        {
            "file_path": "images/frame_00092.jpg",
            "transform_matrix": [
                [
                    0.9494349195642435,
                    -0.005198905339404167,
                    0.31392085769395783,
                    1.1775261209974297
                ],
                [
                    0.31396276002831963,
                    0.013021508336799093,
                    -0.9493459989045272,
                    -2.512651288063164
                ],
                [
                    0.0008478369170897323,
                    0.9999017010206086,
                    0.013995337389839274,
                    -0.5398021007695588
                ],
                [
                    0.0,
                    0.0,
                    0.0,
                    1.0
                ]
            ],
            "colmap_im_id": 92
        },
        {
            "file_path": "images/frame_00091.jpg",
            "transform_matrix": [
                [
                    0.9126399718235888,
                    0.18884337476356158,
                    -0.3625278770491286,
                    -1.7889336518642247
                ],
                [
                    -0.37919435613242836,
                    0.05993986388083062,
                    -0.9233736258932571,
                    -2.5800447757620466
                ],
                [
                    -0.15264312007801778,
                    0.9801762048355676,
                    0.12631185758665464,
                    -0.3493021070628731
                ],
                [
                    0.0,
                    0.0,
                    0.0,
                    1.0
                ]
            ],
            "colmap_im_id": 91
        },
        {
            "file_path": "images/frame_00090.jpg",
            "transform_matrix": [
                [
                    0.9915577689169929,
                    0.08354161698690246,
                    -0.09916647181164276,
                    -0.5133469783730261
                ],
                [
                    -0.10058158024474714,
                    0.012893602493626624,
                    -0.9948452647171849,
                    -2.672738644972176
                ],
                [
                    -0.08183236899800192,
                    0.9964208715427183,
                    0.021187499574627042,
                    -0.6105017056897281
                ],
                [
                    0.0,
                    0.0,
                    0.0,
                    1.0
                ]
            ],
            "colmap_im_id": 90
        },
        {
            "file_path": "images/frame_00089.jpg",
            "transform_matrix": [
                [
                    0.7725709781973982,
                    0.11681071943571618,
                    0.6240908102768584,
                    2.0243358693009483
                ],
                [
                    0.6286706150357292,
                    -0.278394429493952,
                    -0.7261334584064663,
                    -1.3442403139461996
                ],
                [
                    0.08892323339664016,
                    0.9533371897978424,
                    -0.2885149235492667,
                    -1.4396211639653975
                ],
                [
                    0.0,
                    0.0,
                    0.0,
                    1.0
                ]
            ],
            "colmap_im_id": 89
        },
        {
            "file_path": "images/frame_00088.jpg",
            "transform_matrix": [
                [
                    -0.4205239273783033,
                    0.2902948586261408,
                    -0.8595862502143453,
                    -3.262582187044288
                ],
                [
                    -0.8960274952378747,
                    -0.28164470506249234,
                    0.3432360527217445,
                    2.8067036709235955
                ],
                [
                    -0.14245825451713964,
                    0.914551887628849,
                    0.37855051255339656,
                    0.6677679172845439
                ],
                [
                    0.0,
                    0.0,
                    0.0,
                    1.0
                ]
            ],
            "colmap_im_id": 88
        },
        {
            "file_path": "images/frame_00087.jpg",
            "transform_matrix": [
                [
                    -0.0824903399840864,
                    0.19874500561406014,
                    -0.9765734824132668,
                    -4.224112913279697
                ],
                [
                    -0.972238527192016,
                    -0.23135337809188378,
                    0.035040843154404235,
                    1.8676262883829284
                ],
                [
                    -0.2189693815418207,
                    0.9523528953013903,
                    0.21231197036024957,
                    0.13215287436792958
                ],
                [
                    0.0,
                    0.0,
                    0.0,
                    1.0
                ]
            ],
            "colmap_im_id": 87
        },
        {
            "file_path": "images/frame_00086.jpg",
            "transform_matrix": [
                [
                    0.9797239955626561,
                    0.11855037185395888,
                    -0.16151378223555027,
                    -0.8591692756240591
                ],
                [
                    -0.17137506446942533,
                    0.07826959039679737,
                    -0.9820918788469936,
                    -2.8603864805215453
                ],
                [
                    -0.10378573985305019,
                    0.9898584143969305,
                    0.09699917345394936,
                    -0.4278954819383377
                ],
                [
                    0.0,
                    0.0,
                    0.0,
                    1.0
                ]
            ],
            "colmap_im_id": 86
        },
        {
            "file_path": "images/frame_00085.jpg",
            "transform_matrix": [
                [
                    0.8649030572771295,
                    0.22818086469203142,
                    -0.4470751553162753,
                    -2.2191823480182244
                ],
                [
                    -0.46566216471908356,
                    0.032305797743513,
                    -0.8843727063751415,
                    -2.3954874346880377
                ],
                [
                    -0.18735380930691456,
                    0.9730826421330061,
                    0.1341965786361046,
                    -0.2186767317841498
                ],
                [
                    0.0,
                    0.0,
                    0.0,
                    1.0
                ]
            ],
            "colmap_im_id": 85
        },
        {
            "file_path": "images/frame_00084.jpg",
            "transform_matrix": [
                [
                    -0.8654136527730457,
                    0.04726460427718297,
                    0.4988238835265799,
                    1.0470642266576873
                ],
                [
                    0.4443831472741218,
                    -0.38752125877986227,
                    0.8076824205171363,
                    4.809552381101361
                ],
                [
                    0.23147964924105915,
                    0.9206483211173484,
                    0.31436259448452825,
                    0.8393983235160861
                ],
                [
                    0.0,
                    0.0,
                    0.0,
                    1.0
                ]
            ],
            "colmap_im_id": 84
        },
        {
            "file_path": "images/frame_00083.jpg",
            "transform_matrix": [
                [
                    -0.9578234798137423,
                    0.1679263723545138,
                    -0.23318429403659494,
                    -1.4821937013737934
                ],
                [
                    -0.2838323887412882,
                    -0.42615746443683433,
                    0.8589697262454485,
                    4.777138254668681
                ],
                [
                    0.04487044259761956,
                    0.8889266274404325,
                    0.4558465689335309,
                    1.1454350383632557
                ],
                [
                    0.0,
                    0.0,
                    0.0,
                    1.0
                ]
            ],
            "colmap_im_id": 83
        },
        {
            "file_path": "images/frame_00082.jpg",
            "transform_matrix": [
                [
                    0.950053661870002,
                    0.14225741704237171,
                    -0.27777844924297646,
                    -1.388049810441521
                ],
                [
                    -0.2837742070474927,
                    0.023340452873615053,
                    -0.9586070220242606,
                    -2.7145275715932478
                ],
                [
                    -0.12988548410798972,
                    0.9895544707372541,
                    0.06254366844010571,
                    -0.3926779916115661
                ],
                [
                    0.0,
                    0.0,
                    0.0,
                    1.0
                ]
            ],
            "colmap_im_id": 82
        },
        {
            "file_path": "images/frame_00081.jpg",
            "transform_matrix": [
                [
                    0.5513688080752853,
                    0.3206381795714033,
                    -0.7701841307653484,
                    -3.9188628970524557
                ],
                [
                    -0.8003045895440531,
                    -0.05742270007096963,
                    -0.5968376642532569,
                    -1.0045722905263403
                ],
                [
                    -0.23559499450617166,
                    0.9454595661992616,
                    0.22494712099944938,
                    0.3101097137243325
                ],
                [
                    0.0,
                    0.0,
                    0.0,
                    1.0
                ]
            ],
            "colmap_im_id": 81
        },
        {
            "file_path": "images/frame_00080.jpg",
            "transform_matrix": [
                [
                    0.8260063865261842,
                    0.23594933125170672,
                    -0.51189975825334,
                    -2.495196886775936
                ],
                [
                    -0.5331225836854577,
                    0.03216408253178819,
                    -0.8454263909764294,
                    -2.266477196843877
                ],
                [
                    -0.18301300550096944,
                    0.9712329199922954,
                    0.15235765468377827,
                    -0.1442836992712061
                ],
                [
                    0.0,
                    0.0,
                    0.0,
                    1.0
                ]
            ],
            "colmap_im_id": 80
        },
        {
            "file_path": "images/frame_00079.jpg",
            "transform_matrix": [
                [
                    0.9477724821846465,
                    0.09770906223768772,
                    0.3036120240869679,
                    0.9265632887268394
                ],
                [
                    0.31664815178640027,
                    -0.17416621453898865,
                    -0.932416257732251,
                    -2.1409286999653894
                ],
                [
                    -0.03822656123444495,
                    0.9798566573074812,
                    -0.1960093394366671,
                    -1.2825716890150947
                ],
                [
                    0.0,
                    0.0,
                    0.0,
                    1.0
                ]
            ],
            "colmap_im_id": 79
        },
        {
            "file_path": "images/frame_00078.jpg",
            "transform_matrix": [
                [
                    -0.8056183801182281,
                    0.02198842367873613,
                    0.5920266335561323,
                    1.6492102503719177
                ],
                [
                    0.5469143273298882,
                    -0.3565388576495242,
                    0.7574726143876546,
                    4.757558899387289
                ],
                [
                    0.22773612839639243,
                    0.9340217086396315,
                    0.2752084730035126,
                    0.9082555168811203
                ],
                [
                    0.0,
                    0.0,
                    0.0,
                    1.0
                ]
            ],
            "colmap_im_id": 78
        },
        {
            "file_path": "images/frame_00077.jpg",
            "transform_matrix": [
                [
                    0.9770697868153357,
                    0.11329639301938278,
                    -0.18027356717342713,
                    -0.8312835691835941
                ],
                [
                    -0.1806467951642583,
                    -0.007049060674861365,
                    -0.9835227735749106,
                    -2.631957829034404
                ],
                [
                    -0.11270034201153566,
                    0.9935362288675735,
                    0.013579206091786596,
                    -0.5568625553052504
                ],
                [
                    0.0,
                    0.0,
                    0.0,
                    1.0
                ]
            ],
            "colmap_im_id": 77
        },
        {
            "file_path": "images/frame_00076.jpg",
            "transform_matrix": [
                [
                    0.5555263127345995,
                    -0.21883836318470612,
                    0.8021846961006792,
                    2.4532311492259984
                ],
                [
                    0.8115708578581887,
                    -0.06724573026459604,
                    -0.5803712212338797,
                    -0.6424552315343786
                ],
                [
                    0.18095098379070448,
                    0.9734412065244721,
                    0.14024606556105726,
                    0.022929591618581328
                ],
                [
                    0.0,
                    0.0,
                    0.0,
                    1.0
                ]
            ],
            "colmap_im_id": 76
        },
        {
            "file_path": "images/frame_00075.jpg",
            "transform_matrix": [
                [
                    -0.5017316665585204,
                    -0.06685113398123187,
                    0.8624362357054758,
                    2.960542457801602
                ],
                [
                    0.8243172957170897,
                    -0.33919551272942966,
                    0.45326305841738457,
                    3.4264392487101967
                ],
                [
                    0.26223335171955475,
                    0.9383375352343328,
                    0.2252916758699388,
                    0.4018813057323318
                ],
                [
                    0.0,
                    0.0,
                    0.0,
                    1.0
                ]
            ],
            "colmap_im_id": 75
        },
        {
            "file_path": "images/frame_00074.jpg",
            "transform_matrix": [
                [
                    -0.6646456209920236,
                    -0.05697680812510468,
                    0.7449831151321492,
                    2.5733375813898105
                ],
                [
                    0.7198481016295638,
                    -0.31594961246215963,
                    0.6180570790512178,
                    4.285086594691524
                ],
                [
                    0.20016220691339118,
                    0.9470636122884706,
                    0.25100917354287,
                    0.5239938578776087
                ],
                [
                    0.0,
                    0.0,
                    0.0,
                    1.0
                ]
            ],
            "colmap_im_id": 74
        },
        {
            "file_path": "images/frame_00073.jpg",
            "transform_matrix": [
                [
                    0.6045888925939462,
                    0.08237339710534251,
                    0.792266933805363,
                    2.496537103912105
                ],
                [
                    0.7715151467957697,
                    -0.307905006424463,
                    -0.5567395129532782,
                    -0.749114717019749
                ],
                [
                    0.19808243035849443,
                    0.9478444653359944,
                    -0.24970827041809252,
                    -1.3924627014621145
                ],
                [
                    0.0,
                    0.0,
                    0.0,
                    1.0
                ]
            ],
            "colmap_im_id": 73
        },
        {
            "file_path": "images/frame_00072.jpg",
            "transform_matrix": [
                [
                    -0.9939024855353917,
                    0.10327493525186543,
                    0.03862818912784517,
                    -0.6345058851658308
                ],
                [
                    -0.008018127792585287,
                    -0.4170961532980332,
                    0.908826995929747,
                    5.138785988596115
                ],
                [
                    0.10997071825388495,
                    0.9029756844194126,
                    0.41538097509878574,
                    1.0683933472232254
                ],
                [
                    0.0,
                    0.0,
