{
    "w": 512,
    "h": 512,
    "fl_x": 539.0520417301545,
    "fl_y": 538.1652923459071,
    "cx": 258.73586069219874,
    "cy": 239.35208702579013,
    "k1": 0.014601389973343018,
    "k2": -0.028270558979825864,
    "p1": 0.0001522272828894066,
    "p2": 0.0006148012402177325,
    "camera_model": "OPENCV",
    "frames": [
        {
            "file_path": "images/frame_00096.jpg",
            "transform_matrix": [
                [
                    0.5097405145505883,
                    -0.8308047603675422,
                    -0.22344587258737178,
                    0.5192009645299412
                ],
                [
                    0.36151955359589866,
                    0.4425264106992857,
                    -0.8206546095656987,
                    -2.8232504947809747
                ],
                [
                    0.7806844562264087,
                    0.3375408508376988,
                    0.5259258063855005,
                    0.6252708511932972
                ],
                [
                    0.0,
                    0.0,
                    0.0,
                    1.0
                ]
            ],
            "colmap_im_id": 96
        },
        {
            "file_path": "images/frame_00095.jpg",
            "transform_matrix": [
                [
                    0.5057961133400877,
                    -0.8422518572747768,
                    -0.18649959959005355,
                    0.6889990006214582
                ],
                [
                    0.433442885639008,
                    0.43505016327066803,
                    -0.7892139255785434,
                    -2.6928373498712683
                ],
                [
                    0.7458535758572127,
                    0.31834441153466814,
                    0.5851147571422677,
                    0.7284782607968313
                ],
                [
                    0.0,
                    0.0,
                    0.0,
                    1.0
                ]
            ],
            "colmap_im_id": 95
        },
        {
            "file_path": "images/frame_00094.jpg",
            "transform_matrix": [
                [
                    0.49388770323444625,
                    -0.8576452923473181,
                    -0.14324625338306962,
                    0.9167001426496305
                ],
                [
                    0.5210666066094077,
                    0.42380496301354664,
                    -0.7408636479148121,
                    -2.49934913478308
                ],
                [
                    0.6961066930222405,
                    0.2912626063187126,
                    0.6562023819600707,
                    0.9041432743365352
                ],
                [
                    0.0,
                    0.0,
                    0.0,
                    1.0
                ]
            ],
            "colmap_im_id": 94
        },
        {
            "file_path": "images/frame_00093.jpg",
            "transform_matrix": [
                [
                    0.44124932819275287,
                    -0.8923836630489558,
                    -0.09460670321268015,
                    1.053454815280638
                ],
                [
                    0.5991779558653578,
                    0.3714596643762462,
                    -0.7092273929752698,
                    -2.3310527941960215
                ],
                [
                    0.6680455131010579,
                    0.25625985964410114,
                    0.6986029464300376,
                    1.126032779264821
                ],
                [
                    0.0,
                    0.0,
                    0.0,
                    1.0
                ]
            ],
            "colmap_im_id": 93
        },
        {
            "file_path": "images/frame_00092.jpg",
            "transform_matrix": [
                [
                    0.36899044853200536,
                    -0.9287158223051157,
                    -0.036509865684248424,
                    1.247345867781547
                ],
                [
                    0.7140519492453407,
                    0.308409553284556,
                    -0.6285008840262278,
                    -2.1461401356162386
                ],
                [
                    0.5949587066940687,
                    0.20584088234107656,
                    0.7769515226099812,
                    1.3085765405893124
                ],
                [
                    0.0,
                    0.0,
                    0.0,
                    1.0
                ]
            ],
            "colmap_im_id": 92
        },
        {
            "file_path": "images/frame_00091.jpg",
            "transform_matrix": [
                [
                    0.2733279570014055,
                    -0.9616719048884863,
                    0.02188550364026257,
                    1.4632707039402537
                ],
                [
                    0.8494064871792146,
                    0.23061696087786493,
                    -0.47468351234619893,
                    -1.8128054229395159
                ],
                [
                    0.4514426292003276,
                    0.1483339634190613,
                    0.8798844173168928,
                    1.3472148655193663
                ],
                [
                    0.0,
                    0.0,
                    0.0,
                    1.0
                ]
            ],
            "colmap_im_id": 91
        },
        {
            "file_path": "images/frame_00090.jpg",
            "transform_matrix": [
                [
                    0.24368198386783751,
                    -0.9693610549388478,
                    0.030955385736238527,
                    1.525013435176469
                ],
                [
                    0.895359195676469,
                    0.21258237533684884,
                    -0.3913318852505243,
                    -1.477384736534186
                ],
                [
                    0.37276131968837833,
                    0.1230767194232421,
                    0.9197288294275608,
                    1.3782082442153307
                ],
                [
                    0.0,
                    0.0,
                    0.0,
                    1.0
                ]
            ],
            "colmap_im_id": 90
        },
        {
            "file_path": "images/frame_00089.jpg",
            "transform_matrix": [
                [
                    0.24029853377592225,
                    -0.9693103912058836,
                    0.05190356601852092,
                    1.5667844780833495
                ],
                [
                    0.9200005200019538,
                    0.21036778868298123,
                    -0.3306727032592312,
                    -0.9377435118284452
                ],
                [
                    0.30960564894923503,
                    0.12721147347990885,
                    0.9423171351269134,
                    1.4701326286093448
                ],
                [
                    0.0,
                    0.0,
                    0.0,
                    1.0
                ]
            ],
            "colmap_im_id": 89
        },
        {
            "file_path": "images/frame_00088.jpg",
            "transform_matrix": [
                [
                    0.18759866677188022,
                    -0.9788911459220985,
                    0.08111020071935238,
                    1.5948718353460425
                ],
                [
                    0.9542248059688914,
                    0.1620414084801704,
                    -0.25139133161546,
                    -0.4696286891393471
                ],
                [
                    0.23294153751326674,
                    0.12455804419258978,
                    0.9644809659748979,
                    1.6117274254155785
                ],
                [
                    0.0,
                    0.0,
                    0.0,
                    1.0
                ]
            ],
            "colmap_im_id": 88
        },
        {
            "file_path": "images/frame_00087.jpg",
            "transform_matrix": [
                [
                    0.09737482928702156,
                    -0.9884293224933515,
                    0.11629968639965153,
                    1.630065182425528
                ],
                [
                    0.9903880569713337,
                    0.08470171660517077,
                    -0.10934859767131672,
                    0.11788857506704511
                ],
                [
                    0.09823257723316417,
                    0.125829621470746,
                    0.9871764113524285,
                    1.681634544259782
                ],
                [
                    0.0,
                    0.0,
                    0.0,
                    1.0
                ]
            ],
            "colmap_im_id": 87
        },
        {
            "file_path": "images/frame_00086.jpg",
            "transform_matrix": [
                [
                    -0.0017539377797187673,
                    -0.9946120596250717,
                    0.10365218063618896,
                    1.6057914736237573
                ],
                [
                    0.996503616634885,
                    0.006919826755344785,
                    0.08326258482217867,
                    0.8476716630567094
                ],
                [
                    -0.0835312261125105,
                    0.10343581026921134,
                    0.9911223776194807,
                    1.5893918771233604
                ],
                [
                    0.0,
                    0.0,
                    0.0,
                    1.0
                ]
            ],
            "colmap_im_id": 86
        },
        {
            "file_path": "images/frame_00085.jpg",
            "transform_matrix": [
                [
                    -0.0077735349073403785,
                    -0.99393354894521,
                    0.10970721232546413,
                    1.5680498215955587
                ],
                [
                    0.9897891961873461,
                    0.007967273783773491,
                    0.14231609065478792,
                    1.3240538745883834
                ],
                [
                    -0.14232680445317314,
                    0.10969331260215687,
                    0.9837227545932411,
                    1.5224181722278576
                ],
                [
                    0.0,
                    0.0,
                    0.0,
                    1.0
                ]
            ],
            "colmap_im_id": 85
        },
        {
            "file_path": "images/frame_00084.jpg",
            "transform_matrix": [
                [
                    -0.06377041623627869,
                    -0.987322167440662,
                    0.14535567306894182,
                    1.503439371696951
                ],
                [
                    0.9750005132322986,
                    -0.03057254773920196,
                    0.2200893421351617,
                    1.9635120323078898
                ],
                [
                    -0.2128551930534132,
                    0.15575704480057248,
                    0.9645892440750036,
                    1.4531070558449217
                ],
                [
                    0.0,
                    0.0,
                    0.0,
                    1.0
                ]
            ],
            "colmap_im_id": 84
        },
        {
            "file_path": "images/frame_00083.jpg",
            "transform_matrix": [
                [
                    -0.11265293425464436,
                    -0.9787427744489304,
                    0.17138231492143155,
                    1.4457555765024548
                ],
                [
                    0.9472741190052163,
                    -0.053717206177355675,
                    0.31588954592292356,
                    2.4671474554325887
                ],
                [
                    -0.2999684314502279,
                    0.19793191562885815,
                    0.9331891002946726,
                    1.3871347376568544
                ],
                [
                    0.0,
                    0.0,
                    0.0,
                    1.0
                ]
            ],
            "colmap_im_id": 83
        },
        {
            "file_path": "images/frame_00082.jpg",
            "transform_matrix": [
                [
                    -0.2160311170266881,
                    -0.9616456554195452,
                    0.16902127052212906,
                    1.4684060585155179
                ],
                [
                    0.8915332195679054,
                    -0.12369399110566476,
                    0.4357388150844912,
                    2.8940034251950855
                ],
                [
                    -0.39811942289102925,
                    0.24482122043863985,
                    0.8840607983277218,
                    1.1617525641092525
                ],
                [
                    0.0,
                    0.0,
                    0.0,
                    1.0
                ]
            ],
            "colmap_im_id": 82
        },
        {
            "file_path": "images/frame_00081.jpg",
            "transform_matrix": [
                [
                    -0.2867032553375639,
                    -0.9473918871777455,
                    0.1423019869454875,
                    1.3930575812705825
                ],
                [
                    0.7847627485506415,
                    -0.14705012289492503,
                    0.6020994019626908,
                    3.325280759264164
                ],
                [
                    -0.5494985640254997,
                    0.2842971569790622,
                    0.7856376102679506,
                    0.7949499753820544
                ],
                [
                    0.0,
                    0.0,
                    0.0,
                    1.0
                ]
            ],
            "colmap_im_id": 81
        },
        {
            "file_path": "images/frame_00080.jpg",
            "transform_matrix": [
                [
                    -0.33294537569533594,
                    -0.9355699737467716,
                    0.11771236564845913,
                    1.3408265160721644
                ],
                [
                    0.7179781892022061,
                    -0.17060308741597408,
                    0.6748347252431949,
                    3.669382330390701
                ],
                [
                    -0.6112730131725207,
                    0.30919801226334304,
                    0.7285203446571584,
                    0.5166016656680629
                ],
                [
                    0.0,
                    0.0,
                    0.0,
                    1.0
                ]
            ],
            "colmap_im_id": 80
        },
        {
            "file_path": "images/frame_00079.jpg",
            "transform_matrix": [
                [
                    -0.3842515786272419,
                    -0.9143456371878237,
                    0.1277606358706201,
                    1.276498029023631
                ],
                [
                    0.6401406698307305,
                    -0.16414863295090115,
                    0.7505165881771129,
                    4.056394144308084
                ],
                [
                    -0.6652598343137338,
                    0.37017196281720594,
                    0.648384199987107,
                    0.17739680346429115
                ],
                [
                    0.0,
                    0.0,
                    0.0,
                    1.0
                ]
            ],
            "colmap_im_id": 79
        },
        {
            "file_path": "images/frame_00078.jpg",
            "transform_matrix": [
                [
                    -0.46832465139798024,
                    -0.8818511968170475,
                    0.05486791015977472,
                    1.033145436326184
                ],
                [
                    0.49493913389611305,
                    -0.21039218377249383,
                    0.8430719914370339,
                    4.474631693355815
                ],
                [
                    -0.7319202652141321,
                    0.42198767242631874,
                    0.5349945136999933,
                    -0.23994173790085796
                ],
                [
                    0.0,
                    0.0,
                    0.0,
                    1.0
                ]
            ],
            "colmap_im_id": 78
        },
        {
            "file_path": "images/frame_00077.jpg",
            "transform_matrix": [
                [
                    -0.5238997806483137,
                    -0.8517379657713892,
                    -0.008453253827074136,
                    0.7739388085798241
                ],
                [
                    0.313022422857813,
                    -0.20174936179763267,
                    0.9280701254767725,
                    4.542467500193309
                ],
                [
                    -0.7921779993315095,
                    0.48356967716955135,
                    0.37230952807746226,
                    -0.709012331584294
                ],
                [
                    0.0,
                    0.0,
                    0.0,
                    1.0
                ]
            ],
            "colmap_im_id": 77
        },
        {
            "file_path": "images/frame_00076.jpg",
            "transform_matrix": [
                [
                    -0.55673124705467,
                    -0.8248985219638257,
                    -0.09794256998286226,
                    0.5706029637483367
                ],
                [
                    0.16780394684491112,
                    -0.22715201334506538,
                    0.9592933848706314,
                    4.542670612243596
                ],
                [
                    -0.8135675472732564,
                    0.517633452643064,
                    0.2648838513926408,
                    -1.066898061603396
                ],
                [
                    0.0,
                    0.0,
                    0.0,
                    1.0
                ]
            ],
            "colmap_im_id": 76
        },
        {
            "file_path": "images/frame_00075.jpg",
            "transform_matrix": [
                [
                    -0.590052787680548,
                    -0.7436439662713085,
                    -0.3143745523713569,
                    -0.20996179676079207
                ],
                [
                    -0.2920914297708733,
                    -0.16638411213648932,
                    0.9418062029329383,
                    4.132457665386937
                ],
                [
                    -0.7526754309825854,
                    0.6475414879811403,
                    -0.11903662015678107,
                    -2.3747995755916342
                ],
                [
                    0.0,
                    0.0,
                    0.0,
                    1.0
                ]
            ],
            "colmap_im_id": 75
        },
        {
            "file_path": "images/frame_00074.jpg",
            "transform_matrix": [
                [
                    -0.5626283635368883,
                    -0.7239735979252574,
                    -0.39913851486791047,
                    -0.4786448264051355
                ],
                [
                    -0.46128991185040696,
                    -0.12573218778630482,
                    0.8782955278148203,
                    3.701236751493845
                ],
                [
                    -0.6860473320178774,
                    0.6782725458557404,
                    -0.2632212221108426,
                    -2.671179462831007
                ],
                [
                    0.0,
                    0.0,
                    0.0,
                    1.0
                ]
            ],
            "colmap_im_id": 74
        },
        {
            "file_path": "images/frame_00073.jpg",
            "transform_matrix": [
                [
                    -0.5537670418284635,
                    -0.7002838448449517,
                    -0.45049372918357533,
                    -0.6703570196260951
                ],
                [
                    -0.5420129702143985,
                    -0.10755512320605556,
                    0.8334589585525467,
                    3.34379905683762
                ],
                [
                    -0.6321107525615414,
                    0.7057155461808264,
                    -0.32000244432625785,
                    -2.914765916924158
                ],
                [
                    0.0,
                    0.0,
                    0.0,
                    1.0
                ]
            ],
            "colmap_im_id": 73
        },
        {
            "file_path": "images/frame_00072.jpg",
            "transform_matrix": [
                [
                    -0.4912103556163542,
                    -0.6910817370262969,
                    -0.5302060158881364,
                    -0.9263093144959825
                ],
                [
                    -0.6766570797609038,
                    -0.08054874363192735,
                    0.731879154170115,
                    2.906315324660339
                ],
                [
                    -0.548495745603099,
                    0.7182742739706288,
                    -0.4280589730484173,
                    -3.186871580794743
                ],
                [
                    0.0,
                    0.0,
                    0.0,
                    1.0
                ]
            ],
            "colmap_im_id": 72
        },
        {
            "file_path": "images/frame_00071.jpg",
            "transform_matrix": [
                [
                    -0.45454614187462966,
                    -0.6627568054011634,
                    -0.5950976573650189,
                    -1.1831704896113517
                ],
                [
                    -0.791322418242137,
                    -0.006232603623738624,
                    0.6113673077941653,
                    2.461036733298447
                ],
                [
                    -0.4088968516561423,
                    0.7488087683424344,
                    -0.5216213120254777,
                    -3.4141267860218814
                ],
                [
                    0.0,
                    0.0,
                    0.0,
                    1.0
                ]
            ],
            "colmap_im_id": 71
        },
        {
            "file_path": "images/frame_00070.jpg",
            "transform_matrix": [
                [
                    -0.3772416563752335,
                    -0.6458630166967707,
                    -0.6637391779596994,
                    -1.1726361513189147
                ],
                [
                    -0.8892809853943731,
                    0.05250711312066288,
                    0.45433724488285887,
                    2.035276525847571
                ],
                [
                    -0.2585885954779969,
                    0.7616455650334222,
                    -0.5941615702430074,
                    -3.5478969885133957
                ],
                [
                    0.0,
                    0.0,
                    0.0,
                    1.0
                ]
            ],
            "colmap_im_id": 70
        },
        {
            "file_path": "images/frame_00069.jpg",
            "transform_matrix": [
                [
                    -0.29263068174034823,
                    -0.6698120985893644,
                    -0.6824361044724191,
                    -1.1530421405804303
                ],
                [
                    -0.9418679313426165,
                    0.07869408058252003,
                    0.3266374773195078,
                    1.5222888099929606
                ],
                [
                    -0.16508205236354184,
                    0.7383488296629063,
                    -0.6539028381364141,
                    -3.6011381654362324
                ],
                [
                    0.0,
                    0.0,
                    0.0,
                    1.0
                ]
            ],
            "colmap_im_id": 69
        },
        {
            "file_path": "images/frame_00068.jpg",
            "transform_matrix": [
                [
                    -0.2574541849043146,
                    -0.6527795152340734,
                    -0.7124578915037876,
                    -1.1824730792816065
                ],
                [
                    -0.9628225547599193,
                    0.11088878634924344,
                    0.24632581088382527,
                    1.0347132561817334
                ],
                [
                    -0.08179285250458752,
                    0.7493881381185319,
                    -0.6570596226571852,
                    -3.6814970016976516
                ],
                [
                    0.0,
                    0.0,
                    0.0,
                    1.0
                ]
            ],
            "colmap_im_id": 68
        },
        {
            "file_path": "images/frame_00067.jpg",
            "transform_matrix": [
                [
                    -0.16207524036302556,
                    -0.6348085104239006,
                    -0.7554798286881362,
                    -1.2919683586789734
                ],
                [
                    -0.9849510439564589,
                    0.15064360222159273,
                    0.08472276033500586,
                    0.4242925326315506
                ],
                [
                    0.06002547351206646,
                    0.7578421076999421,
                    -0.6496709030936821,
                    -3.7986270494800163
                ],
                [
                    0.0,
                    0.0,
                    0.0,
                    1.0
                ]
            ],
            "colmap_im_id": 67
        },
        {
            "file_path": "images/frame_00066.jpg",
            "transform_matrix": [
                [
                    -0.12499308999000613,
                    -0.6250264260304546,
                    -0.7705314362297925,
                    -1.3582624707688884
                ],
                [
                    -0.9728046444444228,
                    0.22984964151887186,
                    -0.02864028702730656,
                    -0.14716874405986863
                ],
                [
                    0.19500731063760307,
                    0.7459967218810298,
                    -0.6367582270694638,
                    -3.8648773284720144
                ],
                [
                    0.0,
                    0.0,
                    0.0,
                    1.0
                ]
            ],
            "colmap_im_id": 66
        },
        {
            "file_path": "images/frame_00065.jpg",
            "transform_matrix": [
                [
                    -0.056455625185335694,
                    -0.6312144862396692,
                    -0.7735509257612735,
                    -1.2829193482950216
                ],
                [
                    -0.9505401768547621,
                    0.27100077068952144,
                    -0.1517628230845856,
                    -0.6213598208033799
                ],
                [
                    0.3054277894525165,
                    0.7267233687221539,
                    -0.6152942473185279,
                    -3.790549858562531
                ],
                [
                    0.0,
                    0.0,
                    0.0,
                    1.0
                ]
            ],
            "colmap_im_id": 65
        },
        {
            "file_path": "images/frame_00064.jpg",
            "transform_matrix": [
                [
                    0.050268293244212024,
                    -0.6504420840179559,
                    -0.7578906214175583,
                    -1.2375391063399412
                ],
                [
                    -0.9168228621055459,
                    0.27092119694750305,
                    -0.2933215719396183,
                    -1.0394707481887127
                ],
                [
                    0.3961173288495598,
                    0.7095962234841098,
                    -0.5827214269290084,
                    -3.5961868528355563
                ],
                [
                    0.0,
                    0.0,
                    0.0,
                    1.0
                ]
            ],
            "colmap_im_id": 64
        },
        {
            "file_path": "images/frame_00063.jpg",
            "transform_matrix": [
                [
                    0.12206813330143022,
                    -0.6515864336966375,
                    -0.7486885135053173,
                    -1.2338623615481037
                ],
                [
                    -0.8855117642511526,
                    0.2692128762478227,
                    -0.37867313429286886,
                    -1.3585426879835767
                ],
                [
                    0.4482948652450916,
                    0.7091964091031987,
                    -0.5441251392005454,
                    -3.4503808460226386
                ],
                [
                    0.0,
                    0.0,
                    0.0,
                    1.0
                ]
            ],
            "colmap_im_id": 63
        },
        {
            "file_path": "images/frame_00062.jpg",
            "transform_matrix": [
                [
                    0.1563118027520308,
                    -0.6698249724259621,
                    -0.7258795538069448,
                    -1.1626052520728134
                ],
                [
                    -0.8331841233191798,
                    0.3052613521569843,
                    -0.46110706297793635,
                    -1.8476198956490293
                ],
                [
                    0.530443999842829,
                    0.6768677959497323,
                    -0.5103715801618381,
                    -3.261250696948668
                ],
                [
                    0.0,
                    0.0,
                    0.0,
                    1.0
                ]
            ],
            "colmap_im_id": 62
        },
        {
            "file_path": "images/frame_00061.jpg",
            "transform_matrix": [
                [
                    0.23195846898796738,
                    -0.6961666796396606,
                    -0.6793726685879025,
                    -1.1101369614257628
                ],
                [
                    -0.7725528716305741,
                    0.2925399545626065,
                    -0.5635445284268682,
                    -2.4851709767486483
                ],
                [
                    0.591064572783813,
                    0.655570232045353,
                    -0.46996844751098993,
                    -2.9660338628090956
                ],
                [
                    0.0,
                    0.0,
                    0.0,
                    1.0
                ]
            ],
            "colmap_im_id": 61
        },
        {
            "file_path": "images/frame_00060.jpg",
            "transform_matrix": [
                [
                    0.24725561558245204,
                    -0.70093609808009,
                    -0.6689942054840244,
                    -1.0151186762908337
                ],
                [
                    -0.7419506861336654,
                    0.3071018424033313,
                    -0.5959845952189213,
                    -2.7198021060984354
                ],
                [
                    0.6231964697498893,
                    0.6437212477468313,
                    -0.44412736381643614,
                    -2.832180602223604
                ],
                [
                    0.0,
                    0.0,
                    0.0,
                    1.0
                ]
            ],
            "colmap_im_id": 60
        },
        {
            "file_path": "images/frame_00029.jpg",
            "transform_matrix": [
                [
                    -0.4279863983641778,
                    -0.39516825328299005,
                    -0.8128159043796631,
                    -2.4829167364638525
                ],
                [
                    -0.8667369430411708,
                    -0.07539626915646024,
                    0.49303394828848474,
                    2.4830206110013404
                ],
                [
                    -0.2561146508556373,
                    0.915509396016533,
                    -0.31023834615104817,
                    -2.770674329313706
                ],
                [
                    0.0,
                    0.0,
                    0.0,
                    1.0
                ]
            ],
            "colmap_im_id": 29
        },
        {
            "file_path": "images/frame_00028.jpg",
            "transform_matrix": [
                [
                    -0.3401519243061683,
                    -0.3962916666156363,
                    -0.8527892959939236,
                    -2.5880686021774415
                ],
                [
                    -0.921685168968943,
                    -0.03938436831208302,
                    0.38593434783049424,
                    1.9128199070818719
                ],
                [
                    -0.18652913363199197,
                    0.9172795574434544,
                    -0.35185948303667886,
                    -2.8708753199478374
                ],
                [
                    0.0,
                    0.0,
                    0.0,
                    1.0
                ]
            ],
            "colmap_im_id": 28
        },
        {
            "file_path": "images/frame_00027.jpg",
            "transform_matrix": [
                [
                    -0.27046963483432407,
                    -0.36980928348524195,
                    -0.8888685338567901,
                    -2.6977079049627952
                ],
                [
                    -0.960992689560603,
                    0.04828890456324674,
                    0.2723255998013419,
                    1.3190086565061538
                ],
                [
                    -0.05778604713653943,
                    0.9278519685511335,
                    -0.3684447003447331,
                    -3.0435073457791337
                ],
                [
                    0.0,
                    0.0,
                    0.0,
                    1.0
                ]
            ],
            "colmap_im_id": 27
        },
        {
            "file_path": "images/frame_00026.jpg",
            "transform_matrix": [
                [
                    -0.21017253092804958,
                    -0.36589100036860783,
                    -0.9066152894654698,
                    -2.800969985849699
                ],
                [
                    -0.9775810801129714,
                    0.09075051390351455,
                    0.18999888428989278,
                    0.9501152549876554
                ],
                [
                    0.012756921590026745,
                    0.9262225003073006,
                    -0.37676138453408187,
                    -3.0849204886107193
                ],
                [
                    0.0,
                    0.0,
                    0.0,
                    1.0
                ]
            ],
            "colmap_im_id": 26
        },
        {
            "file_path": "images/frame_00025.jpg",
            "transform_matrix": [
                [
                    -0.1407139419995373,
                    -0.3811823484877445,
                    -0.9137284080777605,
                    -2.742036112359926
                ],
                [
                    -0.9788024664470304,
                    0.1922826545558786,
                    0.07052029802939029,
                    0.5162527790113866
                ],
                [
                    0.14881303102941026,
                    0.9042828086159286,
                    -0.4001590731665686,
                    -3.0604031594142698
                ],
                [
                    0.0,
                    0.0,
                    0.0,
                    1.0
                ]
            ],
            "colmap_im_id": 25
        },
        {
            "file_path": "images/frame_00024.jpg",
            "transform_matrix": [
                [
                    -0.026669234910884566,
                    -0.42258544853744273,
                    -0.9059306212915406,
                    -2.656822488636804
                ],
                [
                    -0.9587525510701871,
                    0.26736297003454995,
                    -0.09649138858318969,
                    -0.10267134651081704
                ],
                [
                    0.28298815827817925,
                    0.8659899427468617,
                    -0.4122852426847357,
                    -2.8916461932288717
                ],
                [
                    0.0,
                    0.0,
                    0.0,
                    1.0
                ]
            ],
            "colmap_im_id": 24
        },
        {
            "file_path": "images/frame_00023.jpg",
            "transform_matrix": [
                [
                    0.08491907052981407,
                    -0.4254414379690684,
                    -0.9009929712928753,
                    -2.5828187412403665
                ],
                [
                    -0.9098332510793634,
                    0.33552545030597974,
                    -0.24418461750758552,
                    -0.6081600017381698
                ],
                [
                    0.4061923272179187,
                    0.8404892950274743,
                    -0.3585882572721958,
                    -2.769269956856682
                ],
                [
                    0.0,
                    0.0,
                    0.0,
                    1.0
                ]
            ],
            "colmap_im_id": 23
        },
        {
            "file_path": "images/frame_00022.jpg",
            "transform_matrix": [
                [
                    0.1296544815048551,
                    -0.44845472312755114,
                    -0.8843517833590309,
                    -2.481120324924161
                ],
                [
                    -0.8506625044093235,
                    0.40795030021475903,
                    -0.33158687571546797,
                    -1.1270165138530834
                ],
                [
                    0.5094732760584842,
                    0.795276627255749,
                    -0.32859103323577765,
                    -2.639049237886848
                ],
                [
                    0.0,
                    0.0,
                    0.0,
