{
    "w": 512,
    "h": 512,
    "fl_x": 533.9526178477054,
    "fl_y": 537.7033016423708,
    "cx": 261.55540683787973,
    "cy": 234.8048496174526,
    "k1": 0.011945461478577089,
    "k2": -0.02251420821423167,
    "p1": -0.004007237996032348,
    "p2": 0.00017106661198094668,
    "camera_model": "OPENCV",
    "frames": [
        {
            "file_path": "images/frame_00065.jpg",
            "transform_matrix": [
                [
                    0.004585253916366368,
                    -0.9997961701492006,
                    -0.019661983661705455,
                    -0.3163237466550058
                ],
                [
                    0.9983541972813804,
                    0.0034528637006781162,
                    0.05724486442394115,
                    4.042472114192798
                ],
                [
                    -0.05716530606209776,
                    -0.019892106154333303,
                    0.9981665351511098,
                    2.4078896212616057
                ],
                [
                    0.0,
                    0.0,
                    0.0,
                    1.0
                ]
            ],
            "colmap_im_id": 65
        },
        {
            "file_path": "images/frame_00064.jpg",
            "transform_matrix": [
                [
                    -0.006325871804860386,
                    -0.999803593586771,
                    0.018781842212287847,
                    0.2038887158184566
                ],
                [
                    0.9999286980343189,
                    -0.006134195990191566,
                    0.0102455105751591,
                    3.8259164695119194
                ],
                [
                    -0.010128286789988308,
                    0.018845314816492792,
                    0.9997711097627132,
                    2.5664829337638957
                ],
                [
                    0.0,
                    0.0,
                    0.0,
                    1.0
                ]
            ],
            "colmap_im_id": 64
        },
        {
            "file_path": "images/frame_00063.jpg",
            "transform_matrix": [
                [
                    -0.022341028184374383,
                    -0.9970676320717891,
                    0.07319163568619506,
                    1.090078428145653
                ],
                [
                    0.9949938680019362,
                    -0.02930799181702459,
                    -0.09554184556621519,
                    3.148071011023609
                ],
                [
                    0.09740678158224036,
                    0.07069072563221382,
                    0.9927309505658525,
                    2.583267539740203
                ],
                [
                    0.0,
                    0.0,
                    0.0,
                    1.0
                ]
            ],
            "colmap_im_id": 63
        },
        {
            "file_path": "images/frame_00062.jpg",
            "transform_matrix": [
                [
                    -0.048105037271882284,
                    -0.9964919954030356,
                    0.06848071616701623,
                    2.0478993576949027
                ],
                [
                    0.9614476400275969,
                    -0.0647791321305743,
                    -0.2672491338166954,
                    1.6474397427680787
                ],
                [
                    0.2707477439877111,
                    0.052984593403047064,
                    0.9611910798522212,
                    1.9616052183965573
                ],
                [
                    0.0,
                    0.0,
                    0.0,
                    1.0
                ]
            ],
            "colmap_im_id": 62
        },
        {
            "file_path": "images/frame_00061.jpg",
            "transform_matrix": [
                [
                    -0.07020156758367498,
                    -0.9912174185331125,
                    0.11207037568129859,
                    2.426750828523946
                ],
                [
                    0.88727289271027,
                    -0.11338936825198358,
                    -0.4470902202340886,
                    6.757799264107106e-05
                ],
                [
                    0.45587120305009876,
                    0.06805057210610901,
                    0.8874404576452928,
                    1.1472982652860069
                ],
                [
                    0.0,
                    0.0,
                    0.0,
                    1.0
                ]
            ],
            "colmap_im_id": 61
        },
        {
            "file_path": "images/frame_00060.jpg",
            "transform_matrix": [
                [
                    -0.06433504009167203,
                    -0.9881852207057124,
                    0.1391077718720484,
                    2.4206366401902315
                ],
                [
                    0.7830336225297745,
                    -0.13640395825779028,
                    -0.6068379570853369,
                    -1.5199086792000318
                ],
                [
                    0.6186431512627464,
                    0.06988511823278189,
                    0.7825578072227561,
                    0.19802222373195505
                ],
                [
                    0.0,
                    0.0,
                    0.0,
                    1.0
                ]
            ],
            "colmap_im_id": 60
        },
        {
            "file_path": "images/frame_00029.jpg",
            "transform_matrix": [
                [
                    -0.011527736056770257,
                    -0.9942678851299653,
                    -0.10629432675637655,
                    0.09641949875094107
                ],
                [
                    0.9998708480767133,
                    -0.012652158144333186,
                    0.00991009892205231,
                    4.208685841803439
                ],
                [
                    -0.011198145728624802,
                    -0.10616635763497159,
                    0.9942853242599751,
                    1.0362406426041721
                ],
                [
                    0.0,
                    0.0,
                    0.0,
                    1.0
                ]
            ],
            "colmap_im_id": 29
        },
        {
            "file_path": "images/frame_00028.jpg",
            "transform_matrix": [
                [
                    0.008025804518825229,
                    -0.9945053441160696,
                    -0.10437771307325844,
                    0.11787880801611189
                ],
                [
                    0.9952600735602769,
                    -0.0021722783288560376,
                    0.09722482802069744,
                    4.931117128657937
                ],
                [
                    -0.096917348491474,
                    -0.1046632778554152,
                    0.9897740276598201,
                    1.9288349261335318
                ],
                [
                    0.0,
                    0.0,
                    0.0,
                    1.0
                ]
            ],
            "colmap_im_id": 28
        },
        {
            "file_path": "images/frame_00027.jpg",
            "transform_matrix": [
                [
                    0.0045203685452112966,
                    -0.9949237754104117,
                    -0.10052983333970258,
                    0.41625510843382163
                ],
                [
                    0.9937799816851156,
                    -0.006716599154754708,
                    0.11115860424513117,
                    5.151065775294688
                ],
                [
                    -0.11126955679855478,
                    -0.10040701379329664,
                    0.9887049698018952,
                    2.7547265987040483
                ],
                [
                    0.0,
                    0.0,
                    0.0,
                    1.0
                ]
            ],
            "colmap_im_id": 27
        },
        {
            "file_path": "images/frame_00026.jpg",
            "transform_matrix": [
                [
                    -0.026502889621787543,
                    -0.9984891288606433,
                    -0.04813581191596066,
                    1.1063017893000116
                ],
                [
                    0.9938306609334017,
                    -0.03150570513434425,
                    0.10633911760338155,
                    4.845807025586307
                ],
                [
                    -0.10769500559623647,
                    -0.04502055187468437,
                    0.993164103096022,
                    3.166554801429162
                ],
                [
                    0.0,
                    0.0,
                    0.0,
                    1.0
                ]
            ],
            "colmap_im_id": 26
        },
        {
            "file_path": "images/frame_00025.jpg",
            "transform_matrix": [
                [
                    -0.058200110518887425,
                    -0.9954931101352871,
                    0.07487466065874741,
                    1.9845525841173504
                ],
                [
                    0.9982977738898559,
                    -0.058319888713271324,
                    0.0005875602352460765,
                    3.7159235274412996
                ],
                [
                    0.003781769711085167,
                    0.07478140312701373,
                    0.9971927797393078,
                    2.99355617450517
                ],
                [
                    0.0,
                    0.0,
                    0.0,
                    1.0
                ]
            ],
            "colmap_im_id": 25
        },
        {
            "file_path": "images/frame_00024.jpg",
            "transform_matrix": [
                [
                    -0.049327843499957835,
                    -0.9877639774462981,
                    0.14794961546118657,
                    2.6211472010151646
                ],
                [
                    0.982702525820104,
                    -0.07447178152162087,
                    -0.16955736346081737,
                    2.0684294665018688
                ],
                [
                    0.17850072717619783,
                    0.1370265617187605,
                    0.9743516879346508,
                    2.539259635361847
                ],
                [
                    0.0,
                    0.0,
                    0.0,
                    1.0
                ]
            ],
            "colmap_im_id": 24
        },
        {
            "file_path": "images/frame_00023.jpg",
            "transform_matrix": [
                [
                    -0.04967943363016225,
                    -0.971812097839899,
                    0.23046301301120073,
                    3.0745916217728357
                ],
                [
                    0.926629033695155,
                    -0.1309489996241072,
                    -0.3524358004099876,
                    0.6995284780936868
                ],
                [
                    0.3726802755544884,
                    0.19604490809368183,
                    0.9070147772904091,
                    1.6413894209130928
                ],
                [
                    0.0,
                    0.0,
                    0.0,
                    1.0
                ]
            ],
            "colmap_im_id": 23
        },
        {
            "file_path": "images/frame_00022.jpg",
            "transform_matrix": [
                [
                    -0.049861285120485266,
                    -0.9597811340886486,
                    0.2762861322861521,
                    3.3091784244947196
                ],
                [
                    0.8794699159450454,
                    -0.17329472037189203,
                    -0.4432850176115163,
                    0.1040821593648541
                ],
                [
                    0.47333552496484804,
                    0.2208825808857168,
                    0.8527393307849218,
                    0.9619936258331786
                ],
                [
                    0.0,
                    0.0,
                    0.0,
                    1.0
                ]
            ],
            "colmap_im_id": 22
        },
        {
            "file_path": "images/frame_00021.jpg",
            "transform_matrix": [
                [
                    -0.036647757513349026,
                    -0.9526770100295165,
                    0.30176722225991204,
                    3.604487673338573
                ],
                [
                    0.824915563202398,
                    -0.19928516613813577,
                    -0.5289609968076721,
                    -0.7748380324099219
                ],
                [
                    0.564066711884076,
                    0.22954724376153154,
                    0.7931814467231131,
                    0.13547498869918828
                ],
                [
                    0.0,
                    0.0,
                    0.0,
                    1.0
                ]
            ],
            "colmap_im_id": 21
        },
        {
            "file_path": "images/frame_00020.jpg",
            "transform_matrix": [
                [
                    -0.027989512224334153,
                    -0.9484690510049641,
                    0.31563118745014207,
                    3.7769032705889094
                ],
                [
                    0.751248552821584,
                    -0.2282576587351742,
                    -0.6192931883302226,
                    -1.752684810872043
                ],
                [
                    0.659425658500577,
                    0.21978375853206167,
                    0.7189248224930065,
                    -0.7108899820444088
                ],
                [
                    0.0,
                    0.0,
                    0.0,
                    1.0
                ]
            ],
            "colmap_im_id": 20
        },
        {
            "file_path": "images/frame_00019.jpg",
            "transform_matrix": [
                [
                    -0.005030263868196018,
                    -0.9422751044952296,
                    0.33480191739881143,
                    3.3334508951151065
                ],
                [
                    0.6502582116105498,
                    -0.25743655309302405,
                    -0.714766171110967,
                    -2.728843374871428
                ],
                [
                    0.7596966201573269,
                    0.21411223360678586,
                    0.6140170980855887,
                    -1.670147203162523
                ],
                [
                    0.0,
                    0.0,
                    0.0,
                    1.0
                ]
            ],
            "colmap_im_id": 19
        },
        {
            "file_path": "images/frame_00018.jpg",
            "transform_matrix": [
                [
                    0.0027471452839656517,
                    -0.9683864241672736,
                    0.24943974559261792,
                    2.6767249450240596
                ],
                [
                    0.5379561097211858,
                    -0.20884026881218432,
                    -0.8166939243903447,
                    -3.3654357586966643
                ],
                [
                    0.8429683726015089,
                    0.13643121201167935,
                    0.520375678892267,
                    -2.837619817001281
                ],
                [
                    0.0,
                    0.0,
                    0.0,
                    1.0
                ]
            ],
            "colmap_im_id": 18
        },
        {
            "file_path": "images/frame_00017.jpg",
            "transform_matrix": [
                [
                    -0.009527730424619676,
                    -0.9688752323441185,
                    0.247366138553938,
                    2.1993595387339746
                ],
                [
                    0.49612822050081146,
                    -0.21936229970367038,
                    -0.840081525979125,
                    -3.7007072724754018
                ],
                [
                    0.8681969886930351,
                    0.11472125181869017,
                    0.4827763697670989,
                    -3.1014948799250432
                ],
                [
                    0.0,
                    0.0,
                    0.0,
                    1.0
                ]
            ],
            "colmap_im_id": 17
        },
        {
            "file_path": "images/frame_00016.jpg",
            "transform_matrix": [
                [
                    -0.014710732503880122,
                    -0.9915145567530536,
                    0.12916066775917187,
                    1.4978990893742716
                ],
                [
                    0.461999573974845,
                    -0.12129920463489426,
                    -0.8785458989728443,
                    -3.8859726842975495
                ],
                [
                    0.8867581338765722,
                    0.04674811976687348,
                    0.4598637029620853,
                    -3.432152324009919
                ],
                [
                    0.0,
                    0.0,
                    0.0,
                    1.0
                ]
            ],
            "colmap_im_id": 16
        },
        {
            "file_path": "images/frame_00015.jpg",
            "transform_matrix": [
                [
                    0.00011493430428794426,
                    -0.9994995666853663,
                    0.03163230920863686,
                    0.94811373817974
                ],
                [
                    0.4502168543416173,
                    -0.028193378434640003,
                    -0.8924740430282445,
                    -3.8456947966432433
                ],
                [
                    0.8929192409489479,
                    0.01434397463070437,
                    0.44998831044255916,
                    -3.5403329171689712
                ],
                [
                    0.0,
                    0.0,
                    0.0,
                    1.0
                ]
            ],
            "colmap_im_id": 15
        },
        {
            "file_path": "images/frame_00014.jpg",
            "transform_matrix": [
                [
                    0.024713628052764072,
                    -0.999436481735109,
                    -0.022714655300421303,
                    0.23061129196263044
                ],
                [
                    0.4443030594612643,
                    0.0313350739282239,
                    -0.8953283780241044,
                    -3.6817227063981304
                ],
                [
                    0.8955356095331051,
                    0.012034621674987036,
                    0.4448270899341788,
                    -3.5907886887473137
                ],
                [
                    0.0,
                    0.0,
                    0.0,
                    1.0
                ]
            ],
            "colmap_im_id": 14
        },
        {
            "file_path": "images/frame_00002.jpg",
            "transform_matrix": [
                [
                    0.012948070366915124,
                    -0.9959730950791508,
                    -0.08871268991655311,
                    -0.3165935461666608
                ],
                [
                    0.9948912484281991,
                    0.003948911721619864,
                    0.10087521944062358,
                    4.463257146135152
                ],
                [
                    -0.10011868594199848,
                    -0.08956561826209843,
                    0.990936046751038,
                    0.7367452062091737
                ],
                [
                    0.0,
                    0.0,
                    0.0,
                    1.0
                ]
            ],
            "colmap_im_id": 1
        },
        {
            "file_path": "images/frame_00003.jpg",
            "transform_matrix": [
                [
                    0.00976154571134965,
                    -0.9903089722797754,
                    -0.1385382678089344,
                    -0.5157386157837437
                ],
                [
                    0.9996045522798502,
                    0.006010246715303212,
                    0.027470274767848,
                    4.136286278949993
                ],
                [
                    -0.02637141040454815,
                    -0.1387516355096256,
                    0.9899760261524917,
                    0.6245020925568338
                ],
                [
                    0.0,
                    0.0,
                    0.0,
                    1.0
                ]
            ],
            "colmap_im_id": 2
        },
        {
            "file_path": "images/frame_00001.jpg",
            "transform_matrix": [
                [
                    0.0157239498422739,
                    -0.9969030743829895,
                    -0.07705204531420011,
                    -0.21105458395111606
                ],
                [
                    0.9934416669398684,
                    0.006847710405790726,
                    0.1141348467819267,
                    4.5525548920985495
                ],
                [
                    -0.11325374955864866,
                    -0.07834136294411986,
                    0.9904727250474717,
                    0.7407972967102106
                ],
                [
                    0.0,
                    0.0,
                    0.0,
                    1.0
                ]
            ],
            "colmap_im_id": 3
        },
        {
            "file_path": "images/frame_00004.jpg",
            "transform_matrix": [
                [
                    0.003961325167947203,
                    -0.98825193301734,
                    -0.15278227904572111,
                    -0.7492802720612772
                ],
                [
                    0.9996845408893454,
                    0.007702940468493511,
                    -0.023905719294712857,
                    3.828790862567993
                ],
                [
                    0.02480174610329985,
                    -0.15263938415634956,
                    0.9879706937933928,
                    0.5495010805794333
                ],
                [
                    0.0,
                    0.0,
                    0.0,
                    1.0
                ]
            ],
            "colmap_im_id": 4
        },
        {
            "file_path": "images/frame_00005.jpg",
            "transform_matrix": [
                [
                    -0.015588365517165016,
                    -0.9756913680723315,
                    -0.21859404641857336,
                    -1.2930163084113908
                ],
                [
                    0.9912646425474323,
                    0.013554538711080115,
                    -0.131189492397986,
                    2.9306527088222363
                ],
                [
                    0.13096339677869787,
                    -0.21872957904561505,
                    0.9669570621049901,
                    0.2769209529140435
                ],
                [
                    0.0,
                    0.0,
                    0.0,
                    1.0
                ]
            ],
            "colmap_im_id": 5
        },
        {
            "file_path": "images/frame_00006.jpg",
            "transform_matrix": [
                [
                    -0.014085138677562456,
                    -0.957752207765811,
                    -0.28724957334719997,
                    -1.868504785823755
                ],
                [
                    0.9694892345972469,
                    0.05723114508490743,
                    -0.2383594345359853,
                    1.8835252042225166
                ],
                [
                    0.24472889667646158,
                    -0.2818426946933074,
                    0.9277243462255028,
                    -0.008474786318116379
                ],
                [
                    0.0,
                    0.0,
                    0.0,
                    1.0
                ]
            ],
            "colmap_im_id": 6
        },
        {
            "file_path": "images/frame_00007.jpg",
            "transform_matrix": [
                [
                    -0.018180032585336185,
                    -0.9346773286670841,
                    -0.3550320798054167,
                    -2.309196355734416
                ],
                [
                    0.9228277628563571,
                    0.12096938031848137,
                    -0.3657257567179178,
                    0.8366614471944445
                ],
                [
                    0.3847835840010941,
                    -0.3342823661235007,
                    0.8603469609303834,
                    -0.29372590632404433
                ],
                [
                    0.0,
                    0.0,
                    0.0,
                    1.0
                ]
            ],
            "colmap_im_id": 7
        },
        {
            "file_path": "images/frame_00008.jpg",
            "transform_matrix": [
                [
                    -0.027275564495749638,
                    -0.9271413005741596,
                    -0.37371787801909356,
                    -2.600290837564661
                ],
                [
                    0.8515995744341799,
                    0.17422898049783403,
                    -0.49439096591484016,
                    0.04170540891727913
                ],
                [
                    0.5234827680114805,
                    -0.33174277855643103,
                    0.7848009432147093,
                    -0.6019331617251299
                ],
                [
                    0.0,
                    0.0,
                    0.0,
                    1.0
                ]
            ],
            "colmap_im_id": 8
        },
        {
            "file_path": "images/frame_00009.jpg",
            "transform_matrix": [
                [
                    -0.035616388026041064,
                    -0.9317836582928392,
                    -0.36126262890367156,
                    -2.6000710891232055
                ],
                [
                    0.8250903687604695,
                    0.1765495896951739,
                    -0.5367086041393206,
                    -0.30151270992806734
                ],
                [
                    0.5638770755073226,
                    -0.3171899376034479,
                    0.7625176635333965,
                    -0.7552433620552905
                ],
                [
                    0.0,
                    0.0,
                    0.0,
                    1.0
                ]
            ],
            "colmap_im_id": 9
        },
        {
            "file_path": "images/frame_00010.jpg",
            "transform_matrix": [
                [
                    -0.020029268773978613,
                    -0.9409457116610114,
                    -0.3379644894055181,
                    -2.412489849618531
                ],
                [
                    0.7349937221760692,
                    0.2152992517005312,
                    -0.6429855834923194,
                    -1.2433832804151652
                ],
                [
                    0.6777780291173111,
                    -0.26128030910105754,
                    0.6872769044001906,
                    -1.3729487940863083
                ],
                [
                    0.0,
                    0.0,
                    0.0,
                    1.0
                ]
            ],
            "colmap_im_id": 10
        },
        {
            "file_path": "images/frame_00011.jpg",
            "transform_matrix": [
                [
                    0.031199731752973147,
                    -0.9464247542112209,
                    -0.3214136919217551,
                    -2.1303165195663216
                ],
                [
                    0.6201454117085015,
                    0.27052044223714,
                    -0.7363683580034623,
                    -2.414627001817893
                ],
                [
                    0.7838662163120922,
                    -0.17634873106448096,
                    0.5953611340829292,
                    -2.209269848544749
                ],
                [
                    0.0,
                    0.0,
                    0.0,
                    1.0
                ]
            ],
            "colmap_im_id": 11
        },
        {
            "file_path": "images/frame_00012.jpg",
            "transform_matrix": [
                [
                    0.04204149082392222,
                    -0.9681994037808512,
                    -0.24662203382444603,
                    -1.4613358076001364
                ],
                [
                    0.501486909218933,
                    0.2339430308813043,
                    -0.8329354946117441,
                    -3.1671990809779706
                ],
                [
                    0.8641431553460016,
                    -0.08865987153426984,
                    0.49537464029578965,
                    -2.95549314194059
                ],
                [
                    0.0,
                    0.0,
                    0.0,
                    1.0
                ]
            ],
            "colmap_im_id": 12
        },
        {
            "file_path": "images/frame_00013.jpg",
            "transform_matrix": [
                [
                    0.02956509962313651,
                    -0.9863989703969074,
                    -0.16168789714816167,
                    -0.6430168972980512
                ],
                [
                    0.458210278557893,
                    0.15713589470265565,
                    -0.8748437867527513,
                    -3.45592880134008
                ],
                [
                    0.8883519828920129,
                    -0.048222212681671955,
                    0.45662388537604054,
                    -3.4314794157108173
                ],
                [
                    0.0,
                    0.0,
                    0.0,
                    1.0
                ]
            ],
            "colmap_im_id": 13
        },
        {
            "file_path": "images/frame_00030.jpg",
            "transform_matrix": [
                [
                    0.002140821154367831,
                    -0.994832044334051,
                    -0.10151167642649624,
                    0.08036814509139727
                ],
                [
                    0.9937966188355762,
                    0.013403910165835193,
                    -0.11040206331062162,
                    3.2880273996228957
                ],
                [
                    0.11119216373360714,
                    -0.10064560973236181,
                    0.9886894173428985,
                    0.14520962589611114
                ],
                [
                    0.0,
                    0.0,
                    0.0,
                    1.0
                ]
            ],
            "colmap_im_id": 30
        },
        {
            "file_path": "images/frame_00031.jpg",
            "transform_matrix": [
                [
                    0.010533686202646558,
                    -0.9936542944718592,
                    -0.11198296536802436,
                    0.06167418144912581
                ],
                [
                    0.9709268925191333,
                    0.03694672973619558,
                    -0.23650773464083535,
                    2.58951208791041
                ],
                [
                    0.23914433055818707,
                    -0.10623597431864826,
                    0.9651548616271092,
                    -0.5439759681866411
                ],
                [
                    0.0,
                    0.0,
                    0.0,
                    1.0
                ]
            ],
            "colmap_im_id": 31
        },
        {
            "file_path": "images/frame_00032.jpg",
            "transform_matrix": [
                [
                    -0.0030782531344297867,
                    -0.9940216515285959,
                    -0.10913972993370873,
                    0.07425841109829005
                ],
                [
                    0.9571687505604664,
                    0.028668986857301064,
                    -0.2881077439832045,
                    2.084699109392699
                ],
                [
                    0.28951426097544164,
                    -0.10535200750312451,
                    0.951358211825023,
                    -0.8898163528928396
                ],
                [
                    0.0,
                    0.0,
                    0.0,
                    1.0
                ]
            ],
            "colmap_im_id": 32
        },
        {
            "file_path": "images/frame_00033.jpg",
            "transform_matrix": [
                [
                    0.0023843101492411474,
                    -0.9974334525586082,
                    -0.07155992441392782,
                    -0.010239994594557236
                ],
                [
                    0.9327140259578274,
                    0.028023484909613438,
                    -0.35952639690996563,
                    1.385932862827158
                ],
                [
                    0.3606090138178103,
                    -0.0658877227602799,
                    0.930386987840442,
                    -1.110572492807702
                ],
                [
                    0.0,
                    0.0,
                    0.0,
                    1.0
                ]
            ],
            "colmap_im_id": 33
        },
        {
            "file_path": "images/frame_00034.jpg",
            "transform_matrix": [
                [
                    0.0031911442205147,
                    -0.998746987494901,
                    -0.049942682831661735,
                    -0.086160367127529
                ],
                [
                    0.894555225682065,
                    0.025173018604928096,
                    -0.4462479886108457,
                    0.5758567056876683
                ],
                [
                    0.4469460423848424,
                    -0.04325244622187314,
                    0.8935146675306178,
                    -1.4090363809945714
                ],
                [
                    0.0,
                    0.0,
                    0.0,
                    1.0
                ]
            ],
            "colmap_im_id": 34
        },
        {
            "file_path": "images/frame_00035.jpg",
            "transform_matrix": [
                [
                    -0.02348594295442877,
                    -0.9973570017639467,
                    -0.0687562471050611,
                    -0.13781441451670198
                ],
                [
                    0.817070258383453,
                    0.02048004201008558,
                    -0.5761742451242178,
                    -0.1838562370128348
                ],
                [
                    0.5760595484398626,
                    -0.06971068004040726,
                    0.8144297500334609,
                    -1.6756134540732828
                ],
                [
                    0.0,
                    0.0,
                    0.0,
                    1.0
                ]
            ],
            "colmap_im_id": 35
        },
        {
            "file_path": "images/frame_00036.jpg",
            "transform_matrix": [
                [
                    -0.029431925843238376,
                    -0.9983998680079506,
                    -0.04828524933004865,
                    -0.11376654873681108
                ],
                [
                    0.7073265819553601,
                    0.013329487468567651,
                    -0.7067612264571205,
                    -0.7971649748226431
                ],
                [
                    0.7062739328337879,
                    -0.05495478437344781,
                    0.7058024535760431,
                    -1.9053291612881227
                ],
                [
                    0.0,
                    0.0,
                    0.0,
                    1.0
                ]
            ],
            "colmap_im_id": 36
        },
        {
            "file_path": "images/frame_00037.jpg",
            "transform_matrix": [
                [
                    -0.020913751475412762,
                    -0.9989584852079051,
                    -0.04055317287651581,
                    -0.11613198479302063
                ],
                [
                    0.613989577047521,
                    0.019178891604700862,
                    -0.7890810917730959,
                    -1.6910628376888195
                ],
                [
                    0.7890370170506772,
                    -0.04140187130967684,
                    0.6129489952482393,
                    -2.1094920888102964
                ],
                [
                    0.0,
                    0.0,
                    0.0,
                    1.0
                ]
            ],
            "colmap_im_id": 37
        },
        {
            "file_path": "images/frame_00038.jpg",
            "transform_matrix": [
                [
                    -0.025169528428643544,
                    -0.9989079408866129,
                    -0.03936267867341674,
                    -0.09535793884716554
                ],
                [
                    0.5735083296875368,
                    0.017822792515154222,
                    -0.8190058265030676,
                    -2.6099915496348944
                ],
                [
                    0.8188129765811551,
                    -0.04318881453141213,
                    0.5724334334066103,
                    -1.9269528131296851
                ],
                [
                    0.0,
                    0.0,
                    0.0,
                    1.0
                ]
            ],
            "colmap_im_id": 38
        },
        {
            "file_path": "images/frame_00039.jpg",
            "transform_matrix": [
                [
                    -0.03652704387929437,
                    -0.9983530953871874,
                    -0.044236545935025004,
                    -0.12740164862795875
                ],
                [
                    0.5869243265058415,
                    0.014395191852735807,
                    -0.8095138129810922,
                    -2.947831760351093
                ],
                [
                    0.8088174145139951,
                    -0.05553265149751452,
                    0.5854319043206913,
                    -1.1585724625179743
                ],
                [
