{"default_fov": 50.0, "default_transition_sec": 2.0, "keyframes": [{"matrix": [0.9968309939799211, 0.07851569702008959, 0.012777118706970514, -0.3479207754135132, -0.015737854968141375, 0.35209779791790125, -0.9358308931758808, -0.6125738143920891, -0.0779762102310972, 0.9326641550005095, 0.3522176665290676, 0.03628158867359123, 0.0, 0.0, 0.0, 1.0], "fov": 50.0, "aspect": 1.0, "override_transition_enabled": false, "override_transition_sec": null}, {"matrix": [0.8531569253161189, -0.1569370754748309, 0.4974877034928137, 0.2766889572143557, 0.5216439906667114, 0.2626729998645211, -0.8117206675596486, -0.7424630165100086, -0.0032875198028801955, 0.9520365799083462, 0.30596657126222976, 0.14652408361434863, 0.0, 0.0, 0.0, 1.0], "fov": 50.0, "aspect": 1.0, "override_transition_enabled": false, "override_transition_sec": null}, {"matrix": [0.4327631738306186, -0.36531357317378055, 0.8241735427875942, 0.6267190933227529, 0.8952776667782064, 0.06686167154185108, -0.44046272969094685, -0.2820562839508059, 0.10580139292192908, 0.9284802152623577, 0.3559923526175037, 0.18313252925872775, 0.0, 0.0, 0.0, 1.0], "fov": 50.0, "aspect": 1.0, "override_transition_enabled": false, "override_transition_sec": null}, {"matrix": [-0.06642107577742751, -0.3932393387230341, 0.917033839709986, 0.6158153533935555, 0.9931169359846521, -0.11491535694650046, 0.022654187213734633, 0.2622117042541481, 0.09647275342305606, 0.9122265525726214, 0.39816544881298394, 0.22761242389678876, 0.0, 0.0, 0.0, 1.0], "fov": 50.0, "aspect": 1.0, "override_transition_enabled": false, "override_transition_sec": null}, {"matrix": [-0.6540288608372014, -0.2483441904929595, 0.7145427994461844, 0.4434278964996343, 0.7386189591500248, -0.413635347710271, 0.5323042666640365, 0.8043722152709941, 0.16336548710216414, 0.875917211940147, 0.4539611827578129, 0.27882528305053544, 0.0, 0.0, 0.0, 1.0], "fov": 50.0, "aspect": 1.0, "override_transition_enabled": false, "override_transition_sec": null}, {"matrix": [-0.9666172593773434, -0.03428722770391339, 0.2539201840937699, -0.07142076149632506, 0.23280520931072585, -0.5314422458635771, 0.8144758276519117, 1.1987389977541285, 0.10701779474285157, 0.8464003339601525, 0.521683492436285, 0.351382001660763, 0.0, 0.0, 0.0, 1.0], "fov": 50.0, "aspect": 1.0, "override_transition_enabled": false, "override_transition_sec": null}], "camera_type": "perspective", "render_height": 512.0, "render_width": 512.0, "fps": 30.0, "seconds": 12.0, "is_cycle": false, "smoothness_value": 0.0, "camera_path": [{"camera_to_world": [0.9968309939799211, 0.07851569702008959, 0.012777118706970514, -0.3479207754135132, -0.015737854968141375, 0.35209779791790125, -0.9358308931758808, -0.6125738143920891, -0.0779762102310972, 0.9326641550005095, 0.3522176665290676, 0.03628158867359123, 0.0, 0.0, 0.0, 1.0], "fov": 50.0, "aspect": 1.0}, {"camera_to_world": [0.9970416804093676, 0.07326102586100325, 0.02325316357526534, -0.33660066607310013, -0.0040060382669939235, 0.351647171880954, -0.9361240399463792, -0.6158533699050525, -0.0767583167081458, 0.9332615327966326, 0.35090037363646653, 0.03832325926869225, 0.0, 0.0, 0.0, 1.0], "fov": 50.0, "aspect": 1.0}, {"camera_to_world": [0.9971137325381971, 0.06806445282477659, 0.03363680492271102, -0.325283618636023, 0.007616011991662439, 0.351136145492691, -0.9362934388800761, -0.6191312172889589, -0.07553939862805109, 0.9338472239023896, 0.3496042929723731, 0.040364338864566515, 0.0, 0.0, 0.0, 1.0], "fov": 50.0, "aspect": 1.0}, {"camera_to_world": [0.9970510160377026, 0.0629264123760255, 0.043926507301026804, -0.3139726950056178, 0.019126750535682833, 0.35056672568537484, -0.9363424257482843, -0.622405648414752, -0.07431984144312025, 0.9344213382985845, 0.34832933224199186, 0.04240423646198731, 0.0, 0.0, 0.0, 1.0], "fov": 50.0, "aspect": 1.0}, {"camera_to_world": [0.9968573759897146, 0.05784729434907809, 0.05412081366158497, -0.30267095708522035, 0.03052472147698497, 0.34994090216578533, -0.9362743221781473, -0.6256749551533746, -0.07310002266520427, 0.9349839867761842, 0.3470753969362554, 0.044442361061727866, 0.0, 0.0, 0.0, 1.0], "fov": 50.0, "aspect": 1.0}, {"camera_to_world": [0.9965366352416167, 0.05282744507375819, 0.06421834370564301, -0.2913814667781667, 0.04180855632310138, 0.34926064675737706, -0.9360924341350041, -0.6289374293757701, -0.07188031190454795, 0.9355352808278252, 0.3458423905291357, 0.046478121664561445, 0.0, 0.0, 0.0, 1.0], "fov": 50.0, "aspect": 1.0}, {"camera_to_world": [0.9960925928330899, 0.0478671684976496, 0.07421779222713214, -0.2801072859877927, 0.0529769719845004, 0.3485279127797344, -0.9358000504663139, -0.6321913629528817, -0.0706610709118224, 0.9360753325418952, 0.3446302146709933, 0.048510927271261314, 0.0, 0.0, 0.0, 1.0], "fov": 50.0, "aspect": 1.0}, {"camera_to_world": [0.9955290224932462, 0.04296672730402533, 0.08411792744964199, -0.2688514766174343, 0.06402876877949369, 0.34774463446450427, -0.9354004415060593, -0.6354350477556527, -0.06944265362314318, 0.9366042544991615, 0.34343876937795814, 0.05054018688260072, 0.0, 0.0, 0.0, 1.0], "fov": 50.0, "aspect": 1.0}, {"camera_to_world": [0.994849671206797, 0.038126344024664756, 0.09391758935918638, -0.25761710057042747, 0.0749628284384809, 0.346912726406978, -0.9348968577385316, -0.6386667756550262, -0.06822540620788366, 0.9371221596719342, 0.34226795321732817, 0.05256530949935293, 0.0, 0.0, 0.0, 1.0], "fov": 50.0, "aspect": 1.0}, {"camera_to_world": [0.9940582578478829, 0.03334620214681791, 0.10361568803427125, -0.2464072197501081, 0.08577811210920917, 0.3460340830524906, -0.9342925285203785, -0.6418848385219454, -0.06700966711909416, 0.9376291613257375, 0.34111766348898237, 0.05458570412229119, 0.0, 0.0, 0.0, 1.0], "fov": 50.0, "aspect": 1.0}, {"camera_to_world": [0.9931584718801745, 0.028626447213613196, 0.11321120197472836, -0.23522489605981217, 0.09647365836465731, 0.34511057821681623, -0.9335906608597765, -0.6450875282273537, -0.06579576714634391, 0.9381253729234601, 0.3399877964028167, 0.056600779752188767, 0.0, 0.0, 0.0, 1.0], "fov": 50.0, "aspect": 1.0}, {"camera_to_world": [0.9921539721218429, 0.023967187917239847, 0.12270317643072329, -0.22407319140287565, 0.10704858121509009, 0.3441440646397101, -0.9327944382515879, -0.6482731366421941, -0.06458402947080458, 0.9386109080319699, 0.3388782472521886, 0.05860994538981891, 0.0, 0.0, 0.0, 1.0], "fov": 50.0, "aspect": 1.0}, {"camera_to_world": [0.9910483855739853, 0.019368497184272235, 0.1320907217332848, -0.21295516768263437, 0.11750206812575685, 0.34313637357078247, -0.9319070195673292, -0.65143995563741, -0.06337476972240004, 0.9390858802311509, 0.337788910583396, 0.06061261003595488, 0.0, 0.0, 0.0, 1.0], "fov": 50.0, "aspect": 1.0}, {"camera_to_world": [0.9898453063110857, 0.01483041325253618, 0.14137301162765104, -0.20187388680242435, 0.12783337804164818, 0.3420893143868564, -0.9309315379987894, -0.6545862770839446, -0.06216829603884934, 0.9395504030253455, 0.33671968036118183, 0.06260818269136993, 0.0, 0.0, 0.0, 1.0], "fov": 50.0, "aspect": 1.0}, {"camera_to_world": [0.988548294432076, 0.010352940738951752, 0.15054928161067138, -0.19083241066558146, 0.13804183942065873, 0.34100467423998987, -0.9298711000541093, -0.6577103928527409, -0.06096490912643557, 0.940004589757164, 0.3356704501302897, 0.06459607235683733, 0.0, 0.0, 0.0, 1.0], "fov": 50.0, "aspect": 1.0}, {"camera_to_world": [0.9871608750705682, 0.005936051697818551, 0.15961882727344834, -0.17983380117544173, 0.1481268482764412, 0.3398842177353318, -0.9287287846051341, -0.6608105948147424, -0.059764902322335285, 0.940448553523627, 0.33464111317308176, 0.0665756880331303, 0.0, 0.0, 0.0, 1.0], "fov": 50.0, "aspect": 1.0}, {"camera_to_world": [0.9856865374628127, 0.001579686669042138, 0.1685810026503547, -0.16888112023534094, 0.15808786623217919, 0.33872968663797987, -0.927507641984848, -0.6638851748408923, -0.058568561658349304, 0.9408824070946189, 0.3336315626632297, 0.06854643872102215, 0.0, 0.0, 0.0, 1.0], "fov": 50.0, "aspect": 1.0}, {"camera_to_world": [0.9841287340719466, -0.002716244284168917, 0.17743521857550332, -0.15797742974861523, 0.16792441858644042, 0.3375427996080309, -0.9262106931336836, -0.6669324248021335, -0.057376165925877784, 0.9413062628336016, 0.33264169181551, 0.07050773342128609, 0.0, 0.0, 0.0, 1.0], "fov": 50.0, "aspect": 1.0}, {"camera_to_world": [0.9824908797670869, -0.006951860548576841, 0.18618094104770405, -0.14712579161860034, 0.1776360923922209, 0.3363252519629987, -0.9248409287935131, -0.6699506365694097, -0.05618798674198848, 0.9417202326205691, 0.3316713940317186, 0.07245898113469543, 0.0, 0.0, 0.0, 1.0], "fov": 50.0, "aspect": 1.0}, {"camera_to_world": [0.9807763510558304, -0.011127309945569819, 0.1948176896048858, -0.13632926774863238, 0.18722253455022733, 0.3350787154667914, -0.9234013087481054, -0.6729381020136638, -0.055004288616428226, 0.9421244277771914, 0.33072056304273006, 0.07439959086202336, 0.0, 0.0, 0.0, 1.0], "fov": 50.0, "aspect": 1.0}, {"camera_to_world": [0.9789884853687204, -0.015242767727580903, 0.2033450357089192, -0.12559092004204714, 0.19668344991739428, 0.33380483814444106, -0.9218947611088563, -0.675893113005839, -0.05382532901943536, 0.9425189589941235, 0.3297890930467274, 0.07632897160404317, 0.0, 0.0, 0.0, 1.0], "fov": 50.0, "aspect": 1.0}, {"camera_to_world": [0.9771305803942482, -0.019298435586627707, 0.21176260114172324, -0.1149138104021806, 0.20601859943157375, 0.33250524412179117, -0.9203241816445773, -0.6788139614168787, -0.052651358450210475, 0.9429039362604321, 0.3288768788436345, 0.07824653236152815, 0.0, 0.0, 0.0, 1.0], "fov": 50.0, "aspect": 1.0}, {"camera_to_world": [0.9752058934629586, -0.023294540675296557, 0.22007005641349653, -0.10430100073236881, 0.21522779825328509, 0.3311815334893471, -0.9186924331541475, -0.6816989391177259, -0.051482620505912444, 0.9432794687951029, 0.32798381596577714, 0.08015168213525148, 0.0, 0.0, 0.0, 1.0], "fov": 50.0, "aspect": 1.0}, {"camera_to_world": [0.9732176409792391, -0.027231334640479568, 0.22826711918387, -0.09375555293594759, 0.22431091392536384, 0.3298352821895043, -0.9170023448808285, -0.6845463379793241, -0.05031935195104266, 0.9436456649805943, 0.3271098008048044, 0.0820438299259865, 0.0, 0.0, 0.0, 1.0], "fov": 50.0, "aspect": 1.0}, {"camera_to_world": [0.9711689978993752, -0.031109092670133162, 0.23635355269672698, -0.08328052891625282, 0.23326786455128812, 0.32846804192638035, -0.9152567119670478, -0.6873544498726164, -0.0491617827870932, 0.9440026322983908, 0.32625473073490285, 0.08392238473450639, 0.0, 0.0, 0.0, 1.0], "fov": 50.0, "aspect": 1.0}, {"camera_to_world": [0.9690630972544685, -0.034928112553316404, 0.24432916422940468, -0.07287899057662055, 0.2420986169929265, 0.327081340097482, -0.9134582949484598, -0.690121566668546, -0.04801013632233117, 0.9443504772665168, 0.3254185042323393, 0.08578675556158447, 0.0, 0.0, 0.0, 1.0], "fov": 50.0, "aspect": 1.0}, {"camera_to_world": [0.9669030297168199, -0.038688713753733756, 0.25219380355693943, -0.06255399982038674, 0.2508031850883914, 0.3256766797464511, -0.9116098192861053, -0.692845980238056, -0.04686462924159966, 0.9446893053789744, 0.3246010209913675, 0.08763635140799397, 0.0, 0.0, 0.0, 1.0], "fov": 50.0, "aspect": 1.0}, {"camera_to_world": [0.9646918432083919, -0.042391236496988116, 0.2599473614319866, -0.052308618550887157, 0.25938162789064534, 0.3242555395361316, -0.9097139749354909, -0.6955259824520899, -0.04572547167601711, 0.9450192210470582, 0.3238021820365285, 0.08947058127450816, 0.0, 0.0, 0.0, 1.0], "fov": 50.0, "aspect": 1.0}, {"camera_to_world": [0.9624325425499785, -0.04603604087172519, 0.26758976808099527, -0.042145908671457864, 0.26783404792745175, 0.3228193737412307, -0.9077734159514228, -0.6981598651815906, -0.044592867272462755, 0.9453403275425081, 0.3230218898313922, 0.09128885416190027, 0.0, 0.0, 0.0, 1.0], "fov": 50.0, "aspect": 1.0}, {"camera_to_world": [0.9601280891497177, -0.049623505944834514, 0.27512099171719834, -0.03206893208543482, 0.2761605894832368, 0.32136961225983174, -0.9057907601274352, -0.7007459202975015, -0.04346701326273651, 0.9456527269424589, 0.3222600483837683, 0.09309057907094356, 0.0, 0.0, 0.0, 1.0], "fov": 50.0, "aspect": 1.0}, {"camera_to_world": [0.9577814007296035, -0.053154028890841754, 0.28254103707091877, -0.02208075069615396, 0.2843614369033641, 0.3199076606430469, -0.9037685886686632, -0.703282439670766, -0.0423481005322886, 0.9459565200761421, 0.3215165633474308, 0.0948751650024113, 0.0, 0.0, 0.0, 1.0], "fov": 50.0, "aspect": 1.0}, {"camera_to_world": [0.9553953510886591, -0.056628024135615504, 0.28984994393767594, -0.01218442640695101, 0.2924368129213016, 0.3184349001420915, -0.9017094458970295, -0.7057677151723268, -0.041236313688415197, 0.9462518064733046, 0.3207913421203856, 0.09664202095707679, 0.0, 0.0, 0.0, 1.0], "fov": 50.0, "aspect": 1.0}, {"camera_to_world": [0.9529727699014569, -0.060045922514490147, 0.29704778574453095, -0.002383021121162221, 0.30038697700911215, 0.3169526877720995, -0.8996158389876032, -0.7082000386731278, -0.040131831127822176, 0.9465386843142893, 0.32008429393974036, 0.09839055593571322, 0.0, 0.0, 0.0, 1.0], "fov": 50.0, "aspect": 1.0}, {"camera_to_world": [0.9505164425506776, -0.06340817044488509, 0.3041346681350825, 0.00732040325787664, 0.30821222375166557, 0.3154623563919677, -0.89749023773503, -0.7105777020441116, -0.03903482510345904, 0.9468172503817511, 0.31939532997318976, 0.10012017893909386, 0.0, 0.0, 0.0, 1.0], "fov": 50.0, "aspect": 1.0}, {"camera_to_world": [0.9480291099924258, -0.06671522911348535, 0.31111072757348635, 0.01692278482682963, 0.3159128812449282, 0.31396521479957074, -0.8953350743489206, -0.7128989971562218, -0.03794546179053268, 0.9470876000139556, 0.3187243634071745, 0.10183029896799196, 0.0, 0.0, 0.0, 1.0], "fov": 50.0, "aspect": 1.0}, {"camera_to_world": [0.9455134686530294, -0.06996757367802989, 0.3179761299678424, 0.026421061682360802, 0.3234893095186536, 0.3124625478416782, -0.8931527432771125, -0.7151622158804015, -0.03686390135161274, 0.9473498270596223, 0.3180713095317497, 0.10352032502318083, 0.0, 0.0, 0.0, 1.0], "fov": 50.0, "aspect": 1.0}, {"camera_to_world": [0.942972170356069, -0.0731656924837408, 0.3247310693132699, 0.035812171921134214, 0.33094189898376924, 0.31095561653791376, -0.8909456010557225, -0.7173656500875939, -0.03579029800073924, 0.9476040238342706, 0.31743608582219773, 0.10518966610543365, 0.0, 0.0, 0.0, 1.0], "fov": 50.0, "aspect": 1.0}, {"camera_to_world": [0.9404078222784049, -0.07631008629440231, 0.3313757663549477, 0.045093053639813974, 0.3382710689047065, 0.30944565821812053, -0.8887159661849344, -0.7195075916487422, -0.03472480006645548, 0.9478502810780272, 0.3168186120174282, 0.10683773121552376, 0.0, 0.0, 0.0, 1.0], "fov": 50.0, "aspect": 1.0}, {"camera_to_world": [0.9378229869339827, -0.07940126753809726, 0.33791046727138596, 0.05426064493506404, 0.3454772658969121, 0.3079338866725023, -0.8864661190294647, -0.7215863324347899, -0.03366755005368205, 0.9480886879148545, 0.3162188101952077, 0.10846392935422436, 0.0, 0.0, 0.0, 1.0], "fov": 50.0, "aspect": 1.0}, {"camera_to_world": [0.9352201821842179, -0.08243975956757757, 0.3443354423781531, 0.06331188390354861, 0.35256096244972435, 0.30642149231391774, -0.8841983017426782, -0.7236001643166797, -0.032618684704360024, 0.9483193318131569, 0.31563660484425105, 0.1100676695223087, 0.0, 0.0, 0.0, 1.0], "fov": 50.0, "aspect": 1.0}, {"camera_to_world": [0.9326018812737833, -0.0854260959352453, 0.35065098485226376, 0.07224370864193164, 0.35952265547478574, 0.30490964235172696, -0.8819147182133319, -0.7255473791653553, -0.0315783350567877, 0.9485422985477264, 0.31507192293322017, 0.1116483607205501, 0.0, 0.0, 0.0, 1.0], "fov": 50.0, "aspect": 1.0}, {"camera_to_world": [0.9299705128906366, -0.08836081968269868, 0.35685740947741007, 0.0810530572468772, 0.3663628648801307, 0.30339948097658975, -0.8796175340339454, -0.7274262688517596, -0.030546626503583113, 0.9487576721629911, 0.3145246939766623, 0.11320541194972174, 0.0, 0.0, 0.0, 1.0], "fov": 50.0, "aspect": 1.0}, {"camera_to_world": [0.9273284612491455, -0.0912444826447931, 0.36295505141019346, 0.08973686781504941, 0.3730821321700628, 0.30189212955564165, -0.8773088764898026, -0.7292351252468361, -0.029523678848204005, 0.9489655349375149, 0.31399485009793454, 0.11473823221059691, 0.0, 0.0, 0.0, 1.0], "fov": 50.0, "aspect": 1.0}, {"camera_to_world": [0.9246780661951967, -0.09407764476813948, 0.3689442649674761, 0.09829207844311227, 0.3796810190708926, 0.30038868683746467, -0.8749908345676268, -0.7309722402215277, -0.02850960635996272, 0.9491659673497271, 0.31348232608913795, 0.11624623050394889, 0.0, 0.0, 0.0, 1.0], "fov": 50.0, "aspect": 1.0}, {"camera_to_world": [0.9220216233321772, -0.09686087344397645, 0.3748254224349873, 0.10671562722772991, 0.3861601061826232, 0.29889022916630925, -0.8726654589829578, -0.7326359056467779, -0.027504517827474123, 0.9493590480448276, 0.3129870594681145, 0.1177288158305509, 0.0, 0.0, 0.0, 1.0], "fov": 50.0, "aspect": 1.0}, {"camera_to_world": [0.9193613841667582, -0.09959474285531228, 0.3805989128972476, 0.11500445226556648, 0.3925199916565963, 0.2973978107050069, -0.8703347622253029, -0.7342244133935298, -0.02650851661047865, 0.949544853802838, 0.31250899053252673, 0.11918539719117623, 0.0, 0.0, 0.0, 1.0], "fov": 50.0, "aspect": 1.0}, {"camera_to_world": [0.9166995562734112, -0.10227983333824783, 0.38626514108890464, 0.12315549165328576, 0.39876128989913484, 0.29591246366605156, -0.8680007186201323, -0.7357360553327267, -0.0255217006899863, 0.9497234595077603, 0.3120480624110696, 0.1206153835865981, 0.0, 0.0, 0.0, 1.0], "fov": 50.0, "aspect": 1.0}, {"camera_to_world": [0.9140383034766248, -0.1049167307573633, 0.3918245262675122, 0.13116568348755217, 0.40488463030116395, 0.29443519855031514, -0.8656652644068181, -0.7371691233353117, -0.024544162716686302, 0.9498949381178023, 0.31160422111183506, 0.12201818401758979, 0.0, 0.0, 0.0, 1.0], "fov": 50.0, "aspect": 1.0}, {"camera_to_world": [0.9113797460497979, -0.10750602589505542, 0.39727750110779964, 0.1390319658650295, 0.41089065599379493, 0.2929670043928982, -0.8633302978316241, -0.738521909272228, -0.023575990057575935, 0.9500593606366413, 0.3111774155678748, 0.12339320748492455, 0.0, 0.0, 0.0, 1.0], "fov": 50.0, "aspect": 1.0}, {"camera_to_world": [0.9087259609298111, -0.1100483138546928, 0.4026245106174369, 0.14675127688238182, 0.4167800226298215, 0.29150884901560753, -0.8609976792548754, -0.7397927050144191, -0.022617264840758655, 0.9502167960856801, 0.3107675976799837, 0.12473986298937563, 0.0, 0.0, 0.0, 1.0], "fov": 50.0, "aspect": 1.0}, {"camera_to_world": [0.9060789819463013, -0.11254419347745925, 0.40786601107430154, 0.1543205546362735, 0.422553397191073, 0.29006167928558085, -0.8586692312714553, -0.7409798024328278, -0.02166806399836732, 0.9503673114772714, 0.31037472235674346, 0.12605755953171632, 0.0, 0.0, 0.0, 1.0], "fov": 50.0, "aspect": 1.0}, {"camera_to_world": [0.9034408000646786, -0.11499426677273583, 0.4130024689852281, 0.16173673722336818, 0.4282114568215425, 0.28862642137957734, -0.8563467388437881, -0.7420814933983977, -0.020728459307571362, 0.9505109717888688, 0.3099987475518487, 0.12734570611271984, 0.0, 0.0, 0.0, 1.0], "fov": 50.0, "aspect": 1.0}, {"camera_to_world": [0.9008133636419509, -0.11739913836187496, 0.41803436006620776, 0.1689967627403302, 0.4337548876861945, 0.28720398105347644, -0.8540319494464895, -0.7430960697820718, -0.019798517429627044, 0.9506478399380728, 0.3096396342987523, 0.12860371173315946, 0.0, 0.0, 0.0, 1.0], "fov": 50.0, "aspect": 1.0}, {"camera_to_world": [0.89819857869444, -0.11975941493520825, 0.42296216824399857, 0.17609756928382367, 0.43918438385534786, 0.2857952439165252, -0.8517265732218834, -0.7440218234547933, -0.01887829994693338, 0.9507779767585439, 0.3092973467426501, 0.12983098539380844, 0.0, 0.0, 0.0, 1.0], "fov": 50.0, "aspect": 1.0}, {"camera_to_world": [0.8955983091764954, -0.1220757047221239, 0.4277863846790817, 0.18303609495051232, 0.44450064621450336, 0.28440107570990275, -0.8494322831455954, -0.7448570462875056, -0.017967863398059808, 0.9509014409767433, 0.30897185216984036, 0.13102693609544006, 0.0, 0.0, 0.0, 1.0], "fov": 50.0, "aspect": 1.0}, {"camera_to_world": [0.8930143772693304, -0.12434861697404168, 0.4325075068098968, 0.18980927783706064, 0.449704381399482, 0.2830223225891635, -0.8471507152014597, -0.7456000301511518, -0.01706725931071365, 0.9510182891894763, 0.30866312103447396, 0.13219097283882753, 0.0, 0.0, 0.0, 1.0], "fov": 50.0, "aspect": 1.0}, {"camera_to_world": [0.8904485636791211, -0.12657876146012087, 0.43712603741828526, 0.19641405604013232, 0.454796300756736, 0.28165981141014396, -0.8448834685649795, -0.7462490669166751, -0.016176534232611783, 0.9511285758422066, 0.30837112698272706, 0.1333225046247441, 0.0, 0.0, 0.0, 1.0], "fov": 50.0, "aspect": 1.0}, {"camera_to_world": [0.8879026079435471, -0.12876674797550475, 0.4416424837160261, 0.2028473676563916, 0.45977711932864745, 0.2803143500179298, -0.8426321057946204, -0.7468024484550189, -0.015295729760237298, 0.95123235320811, 0.3080958468744157, 0.13442094045396308, 0.0, 0.0, 0.0, 1.0], "fov": 50.0, "aspect": 1.0}, {"camera_to_world": [0.8853782087459483, -0.13091318586193415, 0.4460573564523902, 0.20910615078250264, 0.46464755486367204, 0.2789867275384799, -0.8403981530302056, -0.7472584666371261, -0.014424882565448133, 0.9513296713678432, 0.3078372608020744, 0.1354856893272577, 0.0, 0.0, 0.0, 1.0], "fov": 50.0, "aspect": 1.0}, {"camera_to_world": [0.8828770242363108, -0.1330186835405293, 0.450371169042581, 0.2151873435151293, 0.469408326851125, 0.2776777146725215, -0.838183100197727, -0.7476154133339403, -0.013564024419914417, 0.9514205781899979, 0.3075953521075143, 0.13651616024540122, 0.0, 0.0, 0.0, 1.0], "fov": 50.0, "aspect": 1.0}, {"camera_to_world": [0.8804006723583084, -0.13508384805655632, 0.4545844367169555, 0.22108788395093573, 0.4740601555804352, 0.2763880639913511, -0.8359884012198773, -0.7478715804164044, -0.012713182217368862, 0.9515051193122117, 0.3073701073958916, 0.1375117622091669, 0.0, 0.0, 0.0, 1.0], "fov": 50.0, "aspect": 1.0}, {"camera_to_world": [0.8779507311816499, -0.13710928463597197, 0.45869767569088304, 0.22680471018658616, 0.47860376122465076, 0.27511851023416395, -0.8338154742316504, -0.7480252597554617, -0.01187237799364424, 0.9515833381229131, 0.30716151654728785, 0.138471904219328, 0.0, 0.0, 0.0, 1.0], "fov": 50.0, "aspect": 1.0}, {"camera_to_world": [0.8755287392389819, -0.13909559625357004, 0.4627114023551425, 0.2323347603187444, 0.4830398629480296, 0.27386977060655987, -0.8316657018003445, -0.7480747432220557, -0.011041628944479881, 0.9516552757436773, 0.3069695727258295, 0.13939599527665775, 0.0, 0.0, 0.0, 1.0], "fov": 50.0, "aspect": 1.0}, {"camera_to_world": [0.8731361958666666, -0.14104338321249432, 0.4666261324866616, 0.2376749724440746, 0.4873691780374426, 0.2726425450798891, -0.8295404311493613, -0.7480183226871292, -0.01022094744109181, 0.9517209710121628, 0.30679427238635393, 0.14028344438192944, 0.0, 0.0, 0.0, 1.0], "fov": 50.0, "aspect": 1.0}, {"camera_to_world": [0.8707745615487024, -0.14295324273494958, 0.4704423804795095, 0.24282228465924086, 0.49159242105743495, 0.27143751669109367, -0.8274409743851592, -0.7478542900216256, -0.009410341043479764, 0.951780460465613, 0.30663561527864075, 0.1411336605359163, 0.0, 0.0, 0.0, 1.0], "fov": 50.0, "aspect": 1.0}, {"camera_to_world": [0.8684452582631382, -0.14482576856388352, 0.4741606585959569, 0.24777363506090727, 0.4957103030286828, 0.2702553518427192, -0.8253686087267795, -0.7475809370964882, -0.008609812511466669, 0.9518337783248967, 0.30649360444921014, 0.14194605273939162, 0.0, 0.0, 0.0, 1.0], "fov": 50.0, "aspect": 1.0}, {"camera_to_world": [0.8661496698303196, -0.1466615505754362, 0.47778147623745015, 0.2525259617457376, 0.49972353062962327, 0.2690967006027914, -0.8233245767373615, -0.7471965557826602, -0.007819359813462573, 0.9518809564790652, 0.30636824624070824, 0.14272002999312863, 0.0, 0.0, 0.0, 1.0], "fov": 50.0, "aspect": 1.0}, {"camera_to_world": [0.8638891422623194, -0.14846117440195863, 0.48130533923536045, 0.25707620281039645, 0.5036328054210469, 0.2679621970042391, -0.8213100865570733, -0.7466994379510846, -0.007038976132940383, 0.9519220244704145, 0.3062595502888805, 0.14345500129790056, 0.0, 0.0, 0.0, 1.0], "fov": 50.0, "aspect": 1.0}, {"camera_to_world": [0.8616649841129457, -0.15022522106538022, 0.4847327491613235, 0.26142129635154737, 0.5074388230933966, 0.26685245934357393, -0.8193263121369133, -0.7460878754727049, -0.006268649872620352, 0.9519570094800204, 0.30616752951714304, 0.14415037565448074, 0.0, 0.0, 0.0, 1.0], "fov": 50.0, "aspect": 1.0}, {"camera_to_world": [0.8594784668277278, -0.15195426662071534, 0.4880642026570061, 0.26555818046585483, 0.5111422727365358, 0.2657680904785325, -0.8173743934728586, -0.7453601602184643, -0.005508364656359704, 0.9519859363137435, 0.30609220012874794, 0.14480556206364237, 0.0, 0.0, 0.0, 1.0], "fov": 50.0, "aspect": 1.0}, {"camera_to_world": [0.8573308250932847, -0.15364888180951022, 0.49130019078314524, 0.2694837932499826, 0.5147438361317652, 0.2647096781244096, -0.8154554368398227, -0.7445145840593058, -0.004758099328742993, 0.9520088273886743, 0.30603358159656135, 0.1454199695261587, 0.0, 0.0, 0.0, 1.0], "fov": 50.0, "aspect": 1.0}, {"camera_to_world": [0.8552232571855214, -0.15530963172301057, 0.4944411983876854, 0.273195072800595, 0.5182441870658394, 0.2636777951488049, -0.8135705150249315, -0.7435494388661729, -0.004017827952375652, 0.9520257027200094, 0.3059916966504441, 0.14599300704280305, 0.0, 0.0, 0.0, 1.0], "fov": 50.0, "aspect": 1.0}, {"camera_to_world": [0.8531569253161189, -0.1569370754748309, 0.4974877034928137, 0.2766889572143557, 0.5216439906667114, 0.2626729998645211, -0.8117206675596486, -0.7424630165100086, -0.0032875198028801955, 0.9520365799083462, 0.30596657126222976, 0.14652408361434863, 0.0, 0.0, 0.0, 1.0], "fov": 50.0, "aspect": 1.0}, {"camera_to_world": [0.851017719995746, -0.15863017297355952, 0.5006049425201679, 0.2801643324345039, 0.5251309299954964, 0.261640491534764, -0.8098035314516185, -0.7411308492051263, -0.002519248956939557, 0.9520402940064177, 0.3059623048234329, 0.1470370502938762, 0.0, 0.0, 0.0, 1.0], "fov": 50.0, "aspect": 1.0}, {"camera_to_world": [0.8486916184883684, -0.16048364966612907, 0.5039519172475018, 0.28381814313388165, 0.5288853923432595, 0.26052535171725233, -0.8077170190595951, -0.7394358988072002, -0.0016668753733589114, 0.952035471661871, 0.3059831404245152, 0.14755597817914268, 0.0, 0.0, 0.0, 1.0], "fov": 50.0, "aspect": 1.0}, {"camera_to_world": [0.8461797938500472, -0.16249166966595288, 0.5075196683568655, 0.2876444155035577, 0.5328970060895575, 0.25932789539206746, -0.8054624904812808, -0.7373876016492151, -0.0007330625334660001, 0.9520217959483344, 0.30602934934190584, 0.14808060633793566, 0.0, 0.0, 0.0, 1.0], "fov": 50.0, "aspect": 1.0}, {"camera_to_world": [0.8434833203076304, -0.1646483494206472, 0.511299138856963, 0.2916371757346009, 0.5371552943439796, 0.25804837605196335, -0.8030412351649056, -0.7349953940641558, 0.00027950142781291154, 0.9519989268113703, 0.3061012336286002, 0.14861067383804266, 0.0, 0.0, 0.0, 1.0], "fov": 50.0, "aspect": 1.0}, {"camera_to_world": [0.8406032030223601, -0.16694776248186902, 0.5152811850541861, 0.29579045001808024, 0.5416496869365763, 0.2566870018129764, -0.8004544957346258, -0.7322687123850071, 0.0013681045492520139, 0.9519665055570825, 0.3061991191812605, 0.14914591974725122, 0.0, 0.0, 0.0, 1.0], "fov": 50.0, "aspect": 1.0}, {"camera_to_world": [0.8375404068936583, -0.16938394426428674, 0.5194565874506534, 0.3000982645450645, 0.546369532331514, 0.25524395100903674, -0.7977034910373273, -0.7292169929447538, 0.0025300119067175886, 0.9519241592158325, 0.3063233489973991, 0.14968608313334897, 0.0, 0.0, 0.0, 1.0], "fov": 50.0, "aspect": 1.0}, {"camera_to_world": [0.8342958843681559, -0.1719508968272251, 0.5238160616157828, 0.3045546455066225, 0.5513041095184806, 0.25371938725553045, -0.7947894383789414, -0.7258496720763806, 0.0037624665303039873, 0.9518715047793956, 0.3064742766279369, 0.1502309030641234, 0.0, 0.0, 0.0, 1.0], "fov": 50.0, "aspect": 1.0}, {"camera_to_world": [0.8308706022211725, -0.17464259370802715, 0.5283502690711523, 0.3091536190938232, 0.5564426399285319, 0.252113473967593, -0.7917135749204747, -0.7221761861128724, 0.005062690390725322, 0.9518081533097544, 0.30665225983038646, 0.15078011860736204, 0.0, 0.0, 0.0, 1.0], "fov": 50.0, "aspect": 1.0}, {"camera_to_world": [0.8272655672799206, -0.1774529848318056, 0.5330498282218222, 0.31388921149773535, 0.5617742994134179, 0.2504263883197051, -0.78847717820601, -0.7182059713872139, 0.006427885468385686, 0.951733713917623, 0.30685765442786994, 0.15133346883085252, 0.0, 0.0, 0.0, 1.0], "fov": 50.0, "aspect": 1.0}, {"camera_to_world": [0.8234818510597391, -0.18037600151800431, 0.5379053253608879, 0.318755448909428, 0.5672882303200306, 0.24865833463391096, -0.7850815857969526, -0.7139484642323899, 0.007855234916517961, 0.9516477976086883, 0.3070908083791168, 0.15189069280238235, 0.0, 0.0, 0.0, 1.0], "fov": 50.0, "aspect": 1.0}, {"camera_to_world": [0.8195206132866837, -0.1834055616000843, 0.5429073257678291, 0.3237463575199699, 0.5729735536844158, 0.24680955718476855, -0.7815282139887918, -0.7094131009813849, 0.009341904327800243, 0.9515500209954371, 0.3073520560645626, 0.15245152958973912, 0.0, 0.0, 0.0, 1.0], "fov": 50.0, "aspect": 1.0}, {"camera_to_world": [0.8153831242818563, -0.18653557467066673, 0.5480463849152213, 0.3288559635204299, 0.5788193815628586, 0.24488035240991168, -0.7778185755886698, -0.7046093179671842, 0.0108850431119345, 0.9514400098723416, 0.30764171279358354, 0.1530157182607103, 0.0, 0.0, 0.0, 1.0], "fov": 50.0, "aspect": 1.0}, {"camera_to_world": [0.811070786184945, -0.18975994746064218, 0.5533130597926184, 0.33407829310187687, 0.5848148295108804, 0.2428710805159127, -0.7739542967341116, -0.6995465515227723, 0.012481785989804095, 0.9513174026521157, 0.30796006953781735, 0.15358299788308352, 0.0, 0.0, 0.0, 1.0], "fov": 50.0, "aspect": 1.0}, {"camera_to_world": [0.8065851529966146, -0.19307258935707258, 0.5586979203508664, 0.3394073724553797, 0.5909490292145756, 0.2407821764699996, -0.7699371327353426, -0.6942342379811339, 0.014129254608028607, 0.9511818536606578, 0.30830738789541895, 0.1541531075246463, 0.0, 0.0, 0.0, 1.0], "fov": 50.0, "aspect": 1.0}, {"camera_to_world": [0.8019279494216267, -0.19646741806119725, 0.5641915610648494, 0.34483722777200726, 0.5972111412726204, 0.23861416036906505, -0.7657689829258041, -0.6886818136752539, 0.015824559275980588, 0.9510330362882948, 0.30868389529094015, 0.1547257862531862, 0.0, 0.0, 0.0, 1.0], "fov": 50.0, "aspect": 1.0}, {"camera_to_world": [0.7971010884969107, -0.19993836538449367, 0.569784612607621, 0.3503618852428284, 0.6035903681214561, 0.2363676471783846, -0.7614519045076715, -0.682898714938117, 0.017564800825662585, 0.9508706459948859, 0.30908978041537283, 0.1553007731364908, 0.0, 0.0, 0.0, 1.0], "fov": 50.0, "aspect": 1.0}, {"camera_to_world": [0.7921066879912477, -0.2034793831775461, 0.5754677536241467, 0.35597537105891214, 0.6100759670906638, 0.23404335583344824, -0.7569881253815077, -0.676894378102708, 0.01934707259322488, 0.9506944031663925, 0.30952518891064296, 0.15587780724234762, 0.0, 0.0, 0.0, 1.0], "fov": 50.0, "aspect": 1.0}, {"camera_to_world": [0.7869470855657803, -0.2070844493834742, 0.5812317225883905, 0.36167171141132715, 0.6166572635703651, 0.2316421176994342, -0.7523800559515323, -0.6706782395020119, 0.021168462519365716, 0.9505040558205236, 0.30999021930264414, 0.15645662763854423, 0.0, 0.0, 0.0, 1.0], "fov": 50.0, "aspect": 1.0}, {"camera_to_world": [0.7816248526872254, -0.2107475742048118, 0.5870673297233124, 0.36744493249114224, 0.6233236642676331, 0.22916488438395982, -0.7476302999004639, -0.664259735469013, 0.02302605536439567, 0.9502993821591562, 0.3104849191865558, 0.15703697339286818, 0.0, 0.0, 0.0, 1.0], "fov": 50.0, "aspect": 1.0}, {"camera_to_world": [0.7761428072884347, -0.21446280637008633, 0.5929654689594451, 0.37328906048942645, 0.6300646705244008, 0.22661273489999875, -0.7427416639304147, -0.6576483023366965, 0.024916935032344045, 0.9500801929653149, 0.31100928166790165, 0.157618583573107, 0.0, 0.0, 0.0, 1.0], "fov": 50.0, "aspect": 1.0}, {"camera_to_world": [0.7705040251738309, -0.21822423948386196, 0.5989171299041418, 0.37919812159724875, 0.6368698916651887, 0.22398688217711443, -0.7377171664689295, -0.650853376438047, 0.026838186997177216, 0.9498463338426197, 0.31156324206240865, 0.15820119724704831, 0.0, 0.0, 0.0, 1.0], "fov": 50.0, "aspect": 1.0}, {"camera_to_world": [0.7647118501702209, -0.2220260184417416, 0.6049134097903145, 0.38516614200567767, 0.643729058339179, 0.22128867892051488, -0.7325600453419276, -0.6438843941060493, 0.028786900822967088, 0.9495976872952676, 0.3121466748573304, 0.15878455348247958, 0.0, 0.0, 0.0, 1.0], "fov": 50.0, "aspect": 1.0}, {"camera_to_world": [0.7587699030265621, -0.22586234588971577, 0.6109455253705162, 0.3911871479057823, 0.6506320358177133, 0.21851962281883688, -0.727273764418057, -0.6367507916736882, 0.030760172768685368, 0.9493341746467933, 0.31275939093644, 0.15936839134718842, 0.0, 0.0, 0.0, 1.0], "fov": 50.0, "aspect": 1.0}, {"camera_to_world": [0.7526820890693996, -0.2297274887053669, 0.6170048247195883, 0.39725516548863143, 0.6575688372052191, 0.2156813611030245, -0.7218620192317386, -0.6294620054739485, 0.03275510846723867, 0.9490557577960699, 0.31340113507041917, 0.15995244990896235, 0.0, 0.0, 0.0, 1.0], "fov": 50.0, "aspect": 1.0}, {"camera_to_world": [0.7464526046239115, -0.23361578447673612, 0.6230827989067725, 0.403364220945294, 0.6645296365188612, 0.2127756944601698, -0.7163287415950184, -0.622027471839815, 0.0347688256673786, 0.9487624408092425, 0.31407158367384946, 0.16053646823558892, 0.0, 0.0, 0.0, 1.0], "fov": 50.0, "aspect": 1.0}, {"camera_to_world": [0.7400859422137676, -0.23752164795315167, 0.6291710934961802, 0.4095083404668388, 0.6715047815898628, 0.20980458030772775, -0.7106781032111857, -0.6144566271042723, 0.03679845702622064, 0.9484542713465511, 0.31477034282945415, 0.16112018539485576, 0.0, 0.0, 0.0, 1.0], "fov": 50.0, "aspect": 1.0}, {"camera_to_world": [0.7335868945562989, -0.24143957744103753, 0.6352615198328471, 0.41568155024433484, 0.6784848067374767, 0.20677013543509862, -0.7049145183059856, -0.6067589076003053, 0.038841152939305346, 0.9481313419232823, 0.31549694657967975, 0.16170334045455034, 0.0, 0.0, 0.0, 1.0], "fov": 50.0, "aspect": 1.0}, {"camera_to_world": [0.726960557372799, -0.24536416111660855, 0.6413460660702398, 0.42187787646885083, 0.6854604451649788, 0.2036746380211468, -0.6990426452951092, -0.5989437496608987, 0.04089408439442688, 0.9477937910044029, 0.31625085548507803, 0.16228567248246023, 0.0, 0.0, 0.0, 1.0], "fov": 50.0, "aspect": 1.0}, {"camera_to_world": [0.7202123310370798, -0.24929008322646315, 0.647416907894039, 0.42809134533145554, 0.6924226410258106, 0.20052052903784917, -0.6930673875094849, -0.5910205896190375, 0.04295444583482566, 0.9474418039327398, 0.31703145544834954, 0.16286692054637303, 0.0, 0.0, 0.0, 1.0], "fov": 50.0, "aspect": 1.0}, {"camera_to_world": [0.7133479210887038, -0.2532121301463839, 0.6534664188963004, 0.43431598302321817, 0.6993625611071103, 0.19731041305186905, -0.6869938930026994, -0.5829988638077064, 0.04501945801681578, 0.9470756136909194, 0.31783805680226623, 0.16344682371407623, 0.0, 0.0, 0.0, 1.0], "fov": 50.0, "aspect": 1.0}, {"camera_to_world": [0.7063733376405356, -0.25712519626814523, 0.6594871805536767, 0.4405458157352073, 0.7062716060773482, 0.1940470584374284, -0.6808275534676196, -0.57488800855989, 0.04708637084648859, 0.9466955014976299, 0.31866989365903065, 0.16402512105335743, 0.0, 0.0, 0.0, 1.0], "fov": 50.0, "aspect": 1.0}, {"camera_to_world": [0.6992948937134446, -0.2610242896838154, 0.6654719917632612, 0.4467748696584919, 0.7131414212445855, 0.19073339701544667, -0.6745740022919657, -0.5666974602085731, 0.04915246617978658, 0.9463017972391301, 0.3195261235179954, 0.16460155163200413, 0.0, 0.0, 0.0, 1.0], "fov": 50.0, "aspect": 1.0}, {"camera_to_world": [0.6921192025340523, -0.2649045376369147, 0.6714138778897856, 0.45299717098414105, 0.7199639067720269, 0.18737252313544311, -0.6682391117851588, -0.5584366550867405, 0.051215060569988646, 0.9458948797372942, 0.3204058271280067, 0.16517585451780398, 0.0, 0.0, 0.0, 1.0], "fov": 50.0, "aspect": 1.0}, {"camera_to_world": [0.6848531738343965, -0.26876119170983204, 0.6773060992783579, 0.4592067459032232, 0.7267312272980013, 0.18396769221816964, -0.6618289896112601, -0.5501150295273771, 0.053271507946506313, 0.9454751768558662, 0.3213080085999625, 0.1657477687785444, 0.0, 0.0, 0.0, 1.0], "fov": 50.0, "aspect": 1.0}, {"camera_to_world": [0.6775040091951972, -0.27258963271715997, 0.6831421591876455, 0.46539762060680745, 0.7334358209082894, 0.18052231877841848, -0.6553499744651305, -0.5417420198634677, 0.05531920220880049, 0.945043165446948, 0.32223159576459104, 0.16631703348201307, 0.0, 0.0, 0.0, 1.0], "fov": 50.0, "aspect": 1.0}, {"camera_to_world": [0.670079196477092, -0.2763853752749838, 0.6889158110993832, 0.4715638212859625, 0.7400704074097817, 0.17703997394875673, -0.6488086310311719, -0.5333270624279971, 0.05735557971927746, 0.9445993711401305, 0.3231754407697709, 0.16688338769599748, 0.0, 0.0, 0.0, 1.0], "fov": 50.0, "aspect": 1.0}, {"camera_to_world": [0.662586503386677, -0.2801440720167496, 0.6946210653613172, 0.47769937413175756, 0.7466279958558197, 0.17352438252625635, -0.6422117442660199, -0.5248795935539499, 0.059378121679109275, 0.9441443679770355, 0.3241383209111586, 0.16744657048828518, 0.0, 0.0, 0.0, 1.0], "fov": 50.0, "aspect": 1.0}, {"camera_to_world": [0.6550339702264869, -0.2838615174270365, 0.700252195122119, 0.48379830533526125, 0.753101891275163, 0.16997941956545864, -0.63556631304842, -0.5164090495743107, 0.06138435637113537, 0.943678777894369, 0.325118939689295, 0.16800632092666373, 0.0, 0.0, 0.0, 1.0], "fov": 50.0, "aspect": 1.0}, {"camera_to_world": [0.6474299018800966, -0.28753365126544983, 0.7058037415184812, 0.4898546410875424, 0.7594857005584095, 0.16640910654189228, -0.6288795432411767, -0.5079248668220648, 0.06337186125426864, 0.9432032700589454, 0.32611592808582945, 0.16856237807892072, 0.0, 0.0, 0.0, 1.0], "fov": 50.0, "aspect": 1.0}, {"camera_to_world": [0.6397828590853425, -0.2911565615538327, 0.7112705180764447, 0.49586240757966993, 0.7657733374577627, 0.1628176071114142, -0.6221588402114951, -0.49943648163019666, 0.06533826489419675, 0.9427185600584421, 0.32712784605097955, 0.16911448101284363, 0.0, 0.0, 0.0, 1.0], "fov": 50.0, "aspect": 1.0}, {"camera_to_world": [0.6321016490502154, -0.294726487101146, 0.7166476142910241, 0.5018156310027128, 0.7719590266583257, 0.15920922249150132, -0.6154118008572652, -0.4909533303316911, 0.06728124871558833, 0.9422254089519503, 0.3281531841939087, 0.1696623687962201, 0.0, 0.0, 0.0, 1.0], "fov": 50.0, "aspect": 1.0}, {"camera_to_world": [0.6243953154672421, -0.29823981954160494, 0.7219303983503909, 0.5077083375477398, 0.7780373068815791, 0.15558838649129708, -0.6086462051877876, -0.48248484925953294, 0.06919854856153168, 0.9417246221846521, 0.329190365667271, 0.17020578049683763, 0.0, 0.0, 0.0, 1.0], "fov": 50.0, "aspect": 1.0}, {"camera_to_world": [0.6166731279831558, -0.30169310486302037, 0.7271145189731676, 0.5135345534058198, 0.7840030329843132, 0.15195966021778118, -0.601870007508178, -0.47404047474670685, 0.07108795604649365, 0.941217048371207, 0.33023774823681906, 0.17074445518248377, 0.0, 0.0, 0.0, 1.0], "fov": 50.0, "aspect": 1.0}, {"camera_to_world": [0.6089445711813114, -0.3050830444037348, 0.7321959063298276, 0.5192883047680217, 0.7898513770190517, 0.14832772648582104, -0.5950913272571323, -0.4656296431261976, 0.07294731968973656, 0.9407035779526387, 0.3312936265266615, 0.17127813192094613, 0.0, 0.0, 0.0, 1.0], "fov": 50.0, "aspect": 1.0}, {"camera_to_world": [0.6012193331346417, -0.308406495