{"default_fov": 50.0, "default_transition_sec": 2.0, "keyframes": [{"matrix": [0.3785609394578252, 0.2385915908144715, -0.8942961857849047, -0.8424869537353519, -0.9251460543924235, 0.06807946717030167, -0.3734567768724232, -0.05423373579978966, -0.028220438673767112, 0.9687307360368141, 0.24650429590299747, 0.040259003639221184, 0.0, 0.0, 0.0, 1.0], "fov": 50.0, "aspect": 1.0, "override_transition_enabled": false, "override_transition_sec": null}, {"matrix": [0.7071264862210179, 0.18181268357315428, -0.683312725314438, -0.6552722454071053, -0.7068050543213877, 0.15445908735143998, -0.6903397754151939, -0.37285742759704676, -0.019968667217831748, 0.9711264276223195, 0.23772823539296967, 0.023780457675457372, 0.0, 0.0, 0.0, 1.0], "fov": 50.0, "aspect": 1.0, "override_transition_enabled": false, "override_transition_sec": null}, {"matrix": [0.9818428295417918, 0.022001480138491278, -0.18841601033108518, -0.15409314632415796, -0.18947412690321042, 0.16179316507925032, -0.9684640039608623, -0.5683814048767093, 0.009176781115082397, 0.9865793970103747, 0.1630241702417523, -0.019940930604934456, 0.0, 0.0, 0.0, 1.0], "fov": 50.0, "aspect": 1.0, "override_transition_enabled": false, "override_transition_sec": null}, {"matrix": [0.9468309755766521, -0.04748324870480966, 0.31820817836913373, 0.19084601402282717, 0.3215431704168408, 0.10582918551173714, -0.9409623653750501, -0.5008876800537104, 0.011004237676990408, 0.9932499809143516, 0.1154702652927964, -0.05159276127815223, 0.0, 0.0, 0.0, 1.0], "fov": 50.0, "aspect": 1.0, "override_transition_enabled": false, "override_transition_sec": null}, {"matrix": [0.5429777884177516, -0.30736752555814956, 0.7814731764540787, 0.47599897384643564, 0.834778262492355, 0.09648148620515273, -0.5420669472398124, -0.16217448711395197, 0.09121608276621018, 0.9466871326113527, 0.30897103293493833, 0.08391550183296126, 0.0, 0.0, 0.0, 1.0], "fov": 50.0, "aspect": 1.0, "override_transition_enabled": false, "override_transition_sec": null}, {"matrix": [0.050227811374346065, -0.2464005522526942, 0.967865659486951, 0.6131028175353999, 0.9954170357862364, -0.06660986921158119, -0.06861523293087812, 0.12265249490738059, 0.08137623627992224, 0.9668763587828505, 0.2419256393930393, 0.04321201145648908, 0.0, 0.0, 0.0, 1.0], "fov": 50.0, "aspect": 1.0, "override_transition_enabled": false, "override_transition_sec": null}, {"matrix": [-0.469462649797762, -0.1504245790477911, 0.8700444048800954, 0.5835546493530239, 0.8794454767781756, -0.1673985506905057, 0.44559328832594175, 0.5822009563446031, 0.07861598959036054, 0.9743460223375542, 0.21087758281931057, 0.02396773397922492, 0.0, 0.0, 0.0, 1.0], "fov": 50.0, "aspect": 1.0, "override_transition_enabled": false, "override_transition_sec": null}], "camera_type": "perspective", "render_height": 512.0, "render_width": 512.0, "fps": 30.0, "seconds": 12.0, "is_cycle": false, "smoothness_value": 0.0, "camera_path": [{"camera_to_world": [0.3785609394578252, 0.2385915908144715, -0.8942961857849047, -0.8424869537353519, -0.9251460543924235, 0.06807946717030167, -0.3734567768724232, -0.05423373579978966, -0.028220438673767112, 0.9687307360368141, 0.24650429590299747, 0.040259003639221184, 0.0, 0.0, 0.0, 1.0], "fov": 50.0, "aspect": 1.0}, {"camera_to_world": [0.38766943677017635, 0.2376183619404399, -0.8906457892243339, -0.8392407747839202, -0.9213712767889208, 0.07047390773679013, -0.38224128327099954, -0.06112774710179573, -0.028060258420909978, 0.9687987109802783, 0.24625531364886957, 0.039972459826659826, 0.0, 0.0, 0.0, 1.0], "fov": 50.0, "aspect": 1.0}, {"camera_to_world": [0.3966149560982868, 0.2366424746675943, -0.8869593653501558, -0.8359948057804951, -0.9175610852836724, 0.07283195090856953, -0.3908671918950235, -0.06801911830971112, -0.027896798601333095, 0.9688631720269116, 0.24602016689236653, 0.03968593585524295, 0.0, 0.0, 0.0, 1.0], "fov": 50.0, "aspect": 1.0}, {"camera_to_world": [0.4053994711590275, 0.23566438929368538, -0.8832403774753594, -0.8327492566730831, -0.9137189345658747, 0.07515387816519448, -0.39933645364846687, -0.0749052093294452, -0.027730441752408408, 0.9689242437959562, 0.24579835716426346, 0.03939945156611504, 0.0, 0.0, 0.0, 1.0], "fov": 50.0, "aspect": 1.0}, {"camera_to_world": [0.41402498573565194, 0.23468454206523842, -0.8794921698925026, -0.829504337409691, -0.9098481587130578, 0.07743996853504553, -0.4076510509734393, -0.08178338006690726, -0.027561554256820386, 0.968982051943647, 0.24558938034456587, 0.03911302680042058, 0.0, 0.0, 0.0, 1.0], "fov": 50.0, "aspect": 1.0}, {"camera_to_world": [0.4224935304656122, 0.23370334564324802, -0.8757179699822629, -0.8262602579383251, -0.9059519733140453, 0.07969049818054708, -0.41581299468405725, -0.08865099042800666, -0.02739048672605826, 0.9690367231095471, 0.2453927270764576, 0.03882668139930405, 0.0, 0.0, 0.0, 1.0], "fov": 50.0, "aspect": 1.0}, {"camera_to_world": [0.43080715977510037, 0.23272118956608334, -0.8719208903412385, -0.8230172282069926, -0.9020334776110855, 0.0819057400088194, -0.4238243209426034, -0.09550540031865272, -0.027217574384252374, 0.969088384865155, 0.24520788316056022, 0.03854043520390992, 0.0, 0.0, 0.0, 1.0], "fov": 50.0, "aspect": 1.0}, {"camera_to_world": [0.43896794895621805, 0.23173844070912314, -0.8681039309246765, -0.8197754581636995, -0.8980956566568705, 0.08408596330686202, -0.43168708837399994, -0.10234396964475478, -0.027043137451777055, 0.9691371656646243, 0.24503432993012017, 0.03825430805538269, 0.0, 0.0, 0.0, 1.0], "fov": 50.0, "aspect": 1.0}, {"camera_to_world": [0.44697799138268934, 0.2307554437406476, -0.8642699812000609, -0.8165351577564527, -0.8941413834824092, 0.08623143340039596, -0.4394033753146153, -0.10916405831222216, -0.026867481528047688, 0.9691831947974388, 0.24487154460771887, 0.03796831979486684, 0.0, 0.0, 0.0, 1.0], "fov": 50.0, "aspect": 1.0}, {"camera_to_world": [0.4548393958600607, 0.22977252157358663, -0.8604218223077391, -0.8132965369332587, -0.8901734212719734, 0.08834241133549059, -0.44697527719145796, -0.11596302622696424, -0.026690897972991456, 0.9692266023428922, 0.24471900064410348, 0.03768249026350685, 0.0, 0.0, 0.0, 1.0], "fov": 50.0, "aspect": 1.0}, {"camera_to_world": [0.46255428410635585, 0.22878997581275057, -0.8565621292249954, -0.8100598056421241, -0.8861944255415679, 0.09041915358213387, -0.4544049040278297, -0.12273823329489027, -0.026513664286687888, 0.969267519126217, 0.24457616803973625, 0.037396839302447187, 0.0, 0.0, 0.0, 1.0], "fov": 50.0, "aspect": 1.0}, {"camera_to_world": [0.47012478835917715, 0.22780808719719958, -0.8526934729302156, -0.8068251738310555, -0.8822069463176044, 0.09246191175888951, -0.4616943780715326, -0.12948703942190964, -0.026336044486721666, 0.9693060766762194, 0.24444251364962866, 0.03711138675283236, 0.0, 0.0, 0.0, 1.0], "fov": 50.0, "aspect": 1.0}, {"camera_to_world": [0.4775530491053015, 0.22682711603746253, -0.8488183225639967, -0.8035928514480595, -0.8782134303126795, 0.09447093237782866, -0.46884583154177695, -0.1362068045139317, -0.026158289482801966, 0.969342407184268, 0.24431750147204498, 0.03682615245580683, 0.0, 0.0, 0.0, 1.0], "fov": 50.0, "aspect": 1.0}, {"camera_to_world": [0.4848412129288426, 0.22584730264732938, -0.8449390475842707, -0.8003630484411429, -0.8742162230955635, 0.09644645660891243, -0.4758614044909647, -0.14289488847686574, -0.02598063744824175, 0.9693766434645056, 0.24420059292162288, 0.0365411562525151, 0.0, 0.0, 0.0, 1.0], "fov": 50.0, "aspect": 1.0}, {"camera_to_world": [0.4919914304741157, 0.22486886776998932, -0.8410579199126993, -0.797135974758312, -0.8702175712527032, 0.09838872006304394, -0.48274324277756864, -0.14954865121662111, -0.02580331418790832, 0.9694089189151289, 0.24409124708747967, 0.036256417984101626, 0.0, 0.0, 0.0, 1.0], "fov": 50.0, "aspect": 1.0}, {"camera_to_world": [0.4990058545193813, 0.22389201299830302, -0.8371771160698016, -0.7939118403475737, -0.8662196245387415, 0.10029795259298935, -0.4894934961463906, -0.15616545263910714, -0.025626533502287774, 0.969439367480619, 0.24398892097682204, 0.03597195749171091, 0.0, 0.0, 0.0, 1.0], "fov": 50.0, "aspect": 1.0}, {"camera_to_world": [0.5058866381577038, 0.22291692118904344, -0.8332987192964443, -0.7906908551569344, -0.8622244380137287, 0.10217437811142355, -0.4961143164125118, -0.16274265265023313, -0.02545049754732409, 0.9694681236147694, 0.24389306974461572, 0.035687794616487425, 0.0, 0.0, 0.0, 1.0], "fov": 50.0, "aspect": 1.0}, {"camera_to_world": [0.5126359330812218, 0.22194375687094614, -0.82942472165951, -0.7874732291344007, -0.8582339741648819, 0.10401821442532988, -0.5026078557453308, -0.1692776111559085, -0.025275397189720716, 0.9694953222444018, 0.2438031469098079, 0.03540394919957566, 0.0, 0.0, 0.0, 1.0], "fov": 50.0, "aspect": 1.0}, {"camera_to_world": [0.519255887965186, 0.22097266664645193, -0.8255570261397104, -0.7842591722279793, -0.8542501050109095, 0.10582967308604008, -0.5089762650491202, -0.17576768806204254, -0.02510141235740626, 0.9695210987336264, 0.24371860455862923, 0.03512044108212009, 0.0, 0.0, 0.0, 1.0], "fov": 50.0, "aspect": 1.0}, {"camera_to_world": [0.5257486469481807, 0.22000377958704415, -0.8216974486996858, -0.7810488943856767, -0.8502746141870803, 0.10760895925418096, -0.5152216924366091, -0.1822102432745445, -0.024928712384898633, 0.9695455888485325, 0.24363889353546092, 0.034837290105265206, 0.0, 0.0, 0.0, 1.0], "fov": 50.0, "aspect": 1.0}, {"camera_to_world": [0.5321163482050204, 0.2190372076220971, -0.8178477203306664, -0.7778426055554997, -0.846309199009362, 0.10935627157883682, -0.5213462817921578, -0.1886026366993238, -0.02475745635330423, 0.9695689287221875, 0.24356346362175135, 0.03455451611015549, 0.0, 0.0, 0.0, 1.0], "fov": 50.0, "aspect": 1.0}, {"camera_to_world": [0.5383611226088674, 0.2180730459211886, -0.8140094890761258, -0.7746405156854547, -0.8423554725161007, 0.11107180209023665, -0.5273521714211522, -0.19494222824228982, -0.02458779342472528, 0.9695912548198249, 0.24349176370345782, 0.03427213893793541, 0.0, 0.0, 0.0, 1.0], "fov": 50.0, "aspect": 1.0}, {"camera_to_world": [0.5444850924792026, 0.21711137326983726, -0.8101843220309806, -0.7714428347235482, -0.8384149654858453, 0.11275573610530365, -0.5332414927823226, -0.2012263778093518, -0.0244198631708486, 0.9696127039041085, 0.24342324192747192, 0.03399017842974946, 0.0, 0.0, 0.0, 1.0], "fov": 50.0, "aspect": 1.0}, {"camera_to_world": [0.5504903704123323, 0.21615225243864578, -0.8063737073150348, -0.7682497726177873, -0.8344891284300543, 0.11440825214540268, -0.5390163692997479, -0.2074524453064191, -0.024253795895519847, 0.9696334130003638, 0.24335734584746885, 0.033708654426742125, 0.0, 0.0, 0.0, 1.0], "fov": 50.0, "aspect": 1.0}, {"camera_to_world": [0.5563790581912071, 0.21519573054585855, -0.8025790560194677, -0.7650615393161779, -0.8305793335595335, 0.11602952186567, -0.544678915251385, -0.2136177906394011, -0.024089712951107844, 0.9696535193616628, 0.24329352255963363, 0.033427586770057874, 0.0, 0.0, 0.0, 1.0], "fov": 50.0, "aspect": 1.0}, {"camera_to_world": [0.5621532457713754, 0.21424183941334357, -0.798801704125307, -0.7618783447667272, -0.8266868767235875, 0.11761970999527865, -0.550231234731023, -0.21971977371420706, -0.023927727048496605, 0.9696731604336657, 0.24323121882866724, 0.03314699530084121, 0.0, 0.0, 0.0, 1.0], "fov": 50.0, "aspect": 1.0}, {"camera_to_world": [0.5678150103400024, 0.2132905959160335, -0.7950429143929063, -0.7587003989174417, -0.8228129793209523, 0.1191789742880574, -0.5556754206806565, -0.22575575443674628, -0.023767942560535438, 0.9696924738191124, 0.24316988120449712, 0.032866899860236595, 0.0, 0.0, 0.0, 1.0], "fov": 50.0, "aspect": 1.0}, {"camera_to_world": [0.5733664154449171, 0.21234200232487394, -0.7913038782215781, -0.7555279117163277, -0.8189587901817008, 0.12070746548286271, -0.5610135539903012, -0.2317230927129282, -0.02361045581880772, 0.969711597241864, 0.2431089561300887, 0.03258732028938852, 0.0, 0.0, 0.0, 1.0], "fov": 50.0, "aspect": 1.0}, {"camera_to_world": [0.5788095101907563, 0.21139604664333717, -0.7875857174786152, -0.7523610931113921, -0.8151253874194011, 0.12220532727313338, -0.5662477026623932, -0.2376191484486622, -0.0234553554035819, 0.9697306685104038, 0.24304789004074323, 0.032308276429441465, 0.0, 0.0, 0.0, 1.0], "fov": 50.0, "aspect": 1.0}, {"camera_to_world": [0.5841463284993386, 0.2104527029375735, -0.7838894862970242, -0.7492001530506414, -0.8113137802528942, 0.12367269628507549, -0.5713799210379538, -0.24344128154985745, -0.023302722426818745, 0.9697498254807007, 0.24298612945526268, 0.03202978812153992, 0.0, 0.0, 0.0, 1.0], "fov": 50.0, "aspect": 1.0}, {"camera_to_world": [0.5893788884314586, 0.20951193166028392, -0.7802161728413959, -0.7460453014820821, -0.8075249107971597, 0.1251097020639213, -0.5764122490817806, -0.24918685192242332, -0.0231526308081324, 0.9697692060183464, 0.2429231210593362, 0.03175187520682836, 0.0, 0.0, 0.0, 1.0], "fov": 50.0, "aspect": 1.0}, {"camera_to_world": [0.5945091915674003, 0.20857367996840553, -0.7765667010413935, -0.742896748353721, -0.8037596558227924, 0.12651646706775627, -0.5813467117240103, -0.25485321947226913, -0.02300514754358912, 0.9697889479598798, 0.24285831178151432, 0.03147455752645127, 0.0, 0.0, 0.0, 1.0], "fov": 50.0, "aspect": 1.0}, {"camera_to_world": [0.5995392224434944, 0.20763788203471306, -0.7729419322924516, -0.7397547036135645, -0.8000188284837275, 0.12789310666837628, -0.5861853182554436, -0.2604377441053044, -0.02286033296726503, 0.9698091890732167, 0.24279114886209469, 0.031197854921553126, 0.0, 0.0, 0.0, 1.0], "fov": 50.0, "aspect": 1.0}, {"camera_to_world": [0.6044709480421631, 0.20670445935345338, -0.7693426671233081, -0.7366193772096195, -0.7963031800128807, 0.12923972915870624, -0.5909300617741141, -0.2659377857274382, -0.022718241005467932, 0.969830067017094, 0.2427210799152736, 0.03092178723327842, 0.0, 0.0, 0.0, 1.0], "fov": 50.0, "aspect": 1.0}, {"camera_to_world": [0.6093063173329365, 0.20577332104012097, -0.7657696468300988, -0.7334909790898922, -0.7926134013854671, 0.13055643576626608, -0.5955829186806565, -0.27135070424458013, -0.02257891942355683, 0.9698517192994651, 0.24264755298485155, 0.030646374302771628, 0.0, 0.0, 0.0, 1.0], "fov": 50.0, "aspect": 1.0}, {"camera_to_world": [0.614047260862003, 0.2048443641255151, -0.7622235550767797, -0.7303697192023895, -0.7889501249498176, 0.1318433206722431, -0.6001458482200663, -0.27667385956263935, -0.022442410065282525, 0.9698742832347547, 0.24257001659383276, 0.03037163597117723, 0.0, 0.0, 0.0, 1.0], "fov": 50.0, "aspect": 1.0}, {"camera_to_world": [0.6186956903879373, 0.20391747384419784, -0.7587050194617104, -0.727255807495118, -0.785313926025557, 0.13310047103569217, -0.6046207920675593, -0.28190461158752517, -0.022308749084597124, 0.9698978958999125, 0.24248791978818812, 0.03009759207963971, 0.0, 0.0, 0.0, 1.0], "fov": 50.0, "aspect": 1.0}, {"camera_to_world": [0.6232534985612961, 0.20299252391750539, -0.7552146130502941, -0.7241494539160841, -0.7817053244690844, 0.1343279670224383, -0.6090096739562536, -0.28704032022514697, -0.022177967169873525, 0.9699226940891834, 0.24240071217509299, 0.029824262469303565, 0.0, 0.0, 0.0, 1.0], "fov": 50.0, "aspect": 1.0}, {"camera_to_world": [0.6277225586458682, 0.20206937683124632, -0.7517528558736017, -0.7210508684132946, -0.778124786206325, 0.13552588183824488, -0.6133143993445184, -0.2920783453814141, -0.022050089760488, 0.9699488142675355, 0.2423078439558995, 0.029551666981313257, 0.0, 0.0, 0.0, 1.0], "fov": 50.0, "aspect": 1.0}, {"camera_to_world": [0.6321047242794107, 0.2011478841082413, -0.7483202163929742, -0.717960260934756, -0.7745727247327832, 0.13669428176583845, -0.6175368551208531, -0.29701604696223594, -0.02192513725572276, 0.9699763925226732, 0.24220876595412194, 0.02927982545681328, 0.0, 0.0, 0.0, 1.0], "fov": 50.0, "aspect": 1.0}, {"camera_to_world": [0.6364018292717676, 0.200227886575858, -0.7449171129306358, -0.7148778414284749, -0.7710495025809727, 0.13783322620537716, -0.6216789093442467, -0.3018507848735216, -0.021803125215957952, 0.970005564515577, 0.24210292963868596, 0.02900875773694811, 0.0, 0.0, 0.0, 1.0], "fov": 50.0, "aspect": 1.0}, {"camera_to_world": [0.6406156874383557, 0.19930921462869433, -0.741543915066381, -0.711803819842458, -0.7675554327553217, 0.13894276771798603, -0.6257424110180296, -0.30657991902118076, -0.021684064556114935, 0.9700364654295008, 0.24198978714269614, 0.028738483662862226, 0.0, 0.0, 0.0, 1.0], "fov": 50.0, "aspect": 1.0}, {"camera_to_world": [0.6447480924670412, 0.1983916884865763, -0.7382009450004496, -0.7087384061247118, -0.7640907801347087, 0.14002295207197443, -0.6297291898952929, -0.3112008093111225, -0.021567961731326746, 0.970069229917378, 0.24186879127795957, 0.028469023075700123, 0.0, 0.0, 0.0, 1.0], "fov": 50.0, "aspect": 1.0}, {"camera_to_world": [0.6488008178165044, 0.19747511844802357, -0.7348884788827309, -0.7056818102232431, -0.7606557628428037, 0.14107381829137333, -0.6336410563140025, -0.31571081564925624, -0.02145481891481238, 0.9701039920475698, 0.24173939554549437, 0.028200395816606272, 0.0, 0.0, 0.0, 1.0], "fov": 50.0, "aspect": 1.0}, {"camera_to_world": [0.6527756166442455, 0.19655930513936143, -0.7316067481084743, -0.7026342420860582, -0.7572505535864347, 0.14209539870643628, -0.6374798010599999, -0.32010729794149123, -0.021344634167939025, 0.9701408852479058, 0.24160105414225025, 0.02793262172672516, 0.0, 0.0, 0.0, 1.0], "fov": 50.0, "aspect": 1.0}, {"camera_to_world": [0.6566742217624537, 0.19564403975963485, -0.728355940580707, -0.6995959116611637, -0.7538752809622106, 0.14308771900576644, -0.641247195256147, -0.3243876160937369, -0.02123740160245491, 0.9701800422479622, 0.24145322196425284, 0.027665720647201276, 0.0, 0.0, 0.0, 1.0], "fov": 50.0, "aspect": 1.0}, {"camera_to_world": [0.6604983456200104, 0.19472910432149726, -0.725136201939592, -0.6965670288965666, -0.7505300307316715, 0.14405079828973938, -0.6449449902759191, -0.3285491300119026, -0.021133111534878513, 0.9702215950195278, 0.24129535460637883, 0.02739971241917909, 0.0, 0.0, 0.0, 1.0], "fov": 50.0, "aspect": 1.0}, {"camera_to_world": [0.6642496803089479, 0.19381427188824968, -0.7219476367589882, -0.6935478037402731, -0.7472148470652666, 0.14498464912489534, -0.6485749176798014, -0.33258919960189764, -0.021031750633042856, 0.9702656747152084, 0.24112690835896122, 0.02713461688380308, 0.0, 0.0, 0.0, 1.0], "fov": 50.0, "aspect": 1.0}, {"camera_to_world": [0.6679298975937793, 0.19289930680719208, -0.7187903097104664, -0.6905384461402901, -0.7439297337554447, 0.14588927759900833, -0.6521386891729342, -0.33650518476963126, -0.0209333020547825, 0.9703124116051203, 0.24094734020142028, 0.02687045388221775, 0.0, 0.0, 0.0, 1.0], "fov": 50.0, "aspect": 1.0}, {"camera_to_world": [0.6715406489621003, 0.19198396493946668, -0.7156642466951124, -0.6875391660446241, -0.7406746553992218, 0.1467646833765206, -0.6556379965824387, -0.34029444542101284, -0.02083774557876067, 0.9703619350116283, 0.24075610779310158, 0.02660724325556757, 0.0, 0.0, 0.0, 1.0], "fov": 50.0, "aspect": 1.0}, {"camera_to_world": [0.6750835656949938, 0.19106799388656093, -0.7125694359434022, -0.6845501734012815, -0.7374495385505495, 0.14761085975406363, -0.6590745118529834, -0.3439543414619518, -0.020745057727439953, 0.9704143732420866, 0.2405526694615004, 0.02634500484499701, 0.0, 0.0, 0.0, 1.0], "fov": 50.0, "aspect": 1.0}, {"camera_to_world": [0.6785602589557587, 0.1901511332136454, -0.7095058290834968, -0.6815716781582692, -0.7342542728428588, 0.14842779371578316, -0.6624498870591418, -0.3474822327983574, -0.020655211882196156, 0.9704698535195371, 0.24033648418804449, 0.026083758491650576, 0.0, 0.0, 0.0, 1.0], "fov": 50.0, "aspect": 1.0}, {"camera_to_world": [0.6819723198955692, 0.18923311466992027, -0.7064733421782992, -0.6786038902635936, -0.7310887120821583, 0.1492154659882167, -0.6657657544331714, -0.35087547933613894, -0.020568178390570735, 0.9705285019113243, 0.24010701159161005, 0.02582352403667274, 0.0, 0.0, 0.0, 1.0], "fov": 50.0, "aspect": 1.0}, {"camera_to_world": [0.6853213197747132, 0.18831366240613862, -0.7034718567316195, -0.6756470196652614, -0.7279526753110643, 0.14997385109444883, -0.6690237264068922, -0.35413144098120586, -0.02048392466568094, 0.9705904432555922, 0.23986371190991718, 0.02556432132120797, 0.0, 0.0, 0.0, 1.0], "fov": 50.0, "aspect": 1.0}, {"camera_to_world": [0.6886088100980869, 0.18739249318948298, -0.7005012206638376, -0.6727012763112793, -0.7248459478441815, 0.15070291740731287, -0.6722253956663604, -0.35724747763946735, -0.02040241527778175, 0.9706558010856137, 0.23960604597897506, 0.02530617018640078, 0.0, 0.0, 0.0, 1.0], "fov": 50.0, "aspect": 1.0}, {"camera_to_world": [0.6918363227636983, 0.18646931661596738, -0.6975612492574239, -0.6697668701496535, -0.7217682822752278, 0.15140262720139236, -0.6753723352181251, -0.3602209492168329, -0.020323612037994432, 0.9707246975519324, 0.23933347521071668, 0.025049090473395617, 0.0, 0.0, 0.0, 1.0], "fov": 50.0, "aspect": 1.0}, {"camera_to_world": [0.6950053702229624, 0.18554383532053192, -0.6946517260727063, -0.6668440111283911, -0.7187193994563228, 0.1520729367036091, -0.6784660984658575, -0.36304921561921166, -0.020247474074205463, 0.9707972533422657, 0.2390454615689806, 0.02479310202333699, 0.0, 0.0, 0.0, 1.0], "fov": 50.0, "aspect": 1.0}, {"camera_to_world": [0.6981174456515875, 0.1846157451850089, -0.6917724038343007, -0.6639329091954985, -0.7156989894498847, 0.1527137961421599, -0.6815082192961908, -0.36572963675251313, -0.020173957899151218, 0.9708735875991452, 0.23874146754397013, 0.024538224677369366, 0.0, 0.0, 0.0, 1.0], "fov": 50.0, "aspect": 1.0}, {"camera_to_world": [0.7011740231299743, 0.1836847355441169, -0.6889230052885548, -0.6610337742989822, -0.7127067124535162, 0.15332514979361608, -0.6845002121726963, -0.3682595725226466, -0.02010301747069776, 0.9709538178352527, 0.2384209561253368, 0.024284478276637232, 0.0, 0.0, 0.0, 1.0], "fov": 50.0, "aspect": 1.0}, {"camera_to_world": [0.7041765578319769, 0.1827504893896703, -0.6861032240324663, -0.6581468163868489, -0.7097421996983707, 0.1539069360279691, -0.6874435722368788, -0.37063638283552136, -0.020034604244324516, 0.9710380598464299, 0.23808339077401985, 0.024031882662285075, 0.0, 0.0, 0.0, 1.0], "fov": 50.0, "aspect": 1.0}, {"camera_to_world": [0.7071264862210179, 0.18181268357315428, -0.683312725314438, -0.6552722454071053, -0.7068050543213877, 0.15445908735143998, -0.6903397754151939, -0.37285742759704676, -0.019968667217831748, 0.9711264276223195, 0.23772823539296967, 0.023780457675457372, 0.0, 0.0, 0.0, 1.0], "fov": 50.0, "aspect": 1.0}, {"camera_to_world": [0.7102402417749836, 0.18079321199303383, -0.680347421146472, -0.6521435215820601, -0.7036781047221659, 0.1550158762066349, -0.6934026269480885, -0.3750812786653164, -0.01989783651640753, 0.9712280332759816, 0.23731873815785204, 0.02350703339346515, 0.0, 0.0, 0.0, 1.0], "fov": 50.0, "aspect": 1.0}, {"camera_to_world": [0.713721053868652, 0.17961720293347794, -0.6770080632274438, -0.6485054231350077, -0.7001497306269726, 0.15560928398484797, -0.6968329107043527, -0.3774639993782957, -0.019814438361918707, 0.9713513324992542, 0.23682055840725696, 0.0231894183233798, 0.0, 0.0, 0.0, 1.0], "fov": 50.0, "aspect": 1.0}, {"camera_to_world": [0.7175502219689331, 0.1782891694742863, -0.6733013077371112, -0.6443751370154329, -0.696227609168931, 0.15623567867555327, -0.70061225291862, -0.3799991868617022, -0.019717889928923982, 0.9714954373320336, 0.23623678811690674, 0.02282909995098636, 0.0, 0.0, 0.0, 1.0], "fov": 50.0, "aspect": 1.0}, {"camera_to_world": [0.7217086698097323, 0.17681362048827326, -0.6692335463284068, -0.6397698501728207, -0.6919191722771836, 0.15689128500136093, -0.7047219194305503, -0.3826804382412531, -0.01960752296247914, 0.9716594404936592, 0.23557053453864985, 0.022427565762069866, 0.0, 0.0, 0.0, 1.0], "fov": 50.0, "aspect": 1.0}, {"camera_to_world": [0.7261770026250285, 0.17519507309401672, -0.664810986087107, -0.634706749556656, -0.6872316852061108, 0.15757221063191054, -0.7091428694454608, -0.3855013506426657, -0.01948260011647257, 0.9718424176789954, 0.23482492093588936, 0.021986303242415357, 0.0, 0.0, 0.0, 1.0], "fov": 50.0, "aspect": 1.0}, {"camera_to_world": [0.7309355630473836, 0.17343806453431854, -0.6600397264128833, -0.6292030221164235, -0.6821723220082143, 0.15827447164966327, -0.713855808066266, -0.38845552119165744, -0.019342330741807467, 0.9720434297883043, 0.23400308725926028, 0.021506799877807875, 0.0, 0.0, 0.0, 1.0], "fov": 50.0, "aspect": 1.0}, {"camera_to_world": [0.7359644859212813, 0.17154716337881626, -0.6549258325942764, -0.6232758548016081, -0.6767482377047376, 0.15899401729376447, -0.7188412378462457, -0.3915365470139457, -0.01918588611861277, 0.972261525106014, 0.23310819070202518, 0.020990543154032447, 0.0, 0.0, 0.0, 1.0], "fov": 50.0, "aspect": 1.0}, {"camera_to_world": [0.741243752238432, 0.16952697996132005, -0.6494754058720655, -0.6169424345616948, -0.6709666369325618, 0.1597267540008973, -0.7240795095704232, -0.3947380252352476, -0.019012414125987254, 0.9724957414413345, 0.2321434060824708, 0.02043902055687412, 0.0, 0.0, 0.0, 1.0], "fov": 50.0, "aspect": 1.0}, {"camera_to_world": [0.7467532423609894, 0.16738217597419516, -0.6436946498064846, -0.6102199483461686, -0.6648348388693599, 0.1604685687549651, -0.7295508724326806, -0.39805355298128065, -0.018821053341979477, 0.972745108241556, 0.23111192600820446, 0.019853719572117918, 0.0, 0.0, 0.0, 1.0], "fov": 50.0, "aspect": 1.0}, {"camera_to_world": [0.7524727886587952, 0.1651174731534794, -0.6375899327839689, -0.603125583104514, -0.658360338261643, 0.1612153517504902, -0.7352355237364288, -0.4014767273777622, -0.01861094656569523, 0.9730086486868323, 0.2300169607845324, 0.019236127685548898, 0.0, 0.0, 0.0, 1.0], "fov": 50.0, "aspect": 1.0}, {"camera_to_world": [0.7583822276484591, 0.16273766099948914, -0.631167846518956, -0.5956765257862162, -0.6515508624025004, 0.1619630183680008, -0.741113658208837, -0.40500114555040945, -0.01838125375263966, 0.9732853817732713, 0.2288617380361756, 0.018587732382952086, 0.0, 0.0, 0.0, 1.0], "fov": 50.0, "aspect": 1.0}, {"camera_to_world": [0.7644614516855364, 0.16024760348841466, -0.6244352604258205, -0.5878899633407599, -0.644414423927663, 0.16270753045343525, -0.7471655169824977, -0.40862040462493987, -0.01813116435369455, 0.9735743243892397, 0.22764950201837697, 0.01791002115011251, 0.0, 0.0, 0.0, 1.0], "fov": 50.0, "aspect": 1.0}, {"camera_to_world": [0.7706904602264183, 0.15765224474087308, -0.6173993717555561, -0.5797830827176302, -0.636959369320214, 0.16344491688777862, -0.7533714362641727, -0.4123281017270707, -0.017859909047548694, 0.9738744933879885, 0.22638351259997333, 0.017204481472815232, 0.0, 0.0, 0.0, 1.0], "fov": 50.0, "aspect": 1.0}, {"camera_to_world": [0.7770494106439636, 0.15495661362359706, -0.6100677514114119, -0.5713730708663117, -0.6291944230359663, 0.16417129342787468, -0.7597118956779974, -0.4161178339825192, -0.017566770855979186, 0.9741849076579487, 0.22506704390729348, 0.01647260083684527, 0.0, 0.0, 0.0, 1.0], "fov": 50.0, "aspect": 1.0}, {"camera_to_world": [0.7835186685505547, 0.15216582727035327, -0.6024483853774487, -0.5626771147362895, -0.6211287271832555, 0.16488288179460894, -0.76616756624045, -0.41998319851700294, -0.01725109563114824, 0.9745045901904384, 0.2237033826237121, 0.015715866727987665, 0.0, 0.0, 0.0, 1.0], "fov": 50.0, "aspect": 1.0}, {"camera_to_world": [0.7900788575542027, 0.14928509351785246, -0.5945497117140095, -0.5537124012770483, -0.6127718767128205, 0.16557602798055304, -0.7727193578965332, -0.4239177924562392, -0.01691230190405041, 0.9748325701429701, 0.22229582594542147, 0.014935766632027458, 0.0, 0.0, 0.0, 1.0], "fov": 50.0, "aspect": 1.0}, {"camera_to_world": [0.7967109083477488, 0.14631971226178186, -0.5863806530943311, -0.5444961174380731, -0.6041339500954488, 0.1662472197456592, -0.7793484665211757, -0.4279152129259451, -0.01654989008346297, 0.9751678848949384, 0.22084767919939172, 0.014133788034749684, 0.0, 0.0, 0.0, 1.0], "fov": 50.0, "aspect": 1.0}, {"camera_to_world": [0.8033961070081311, 0.14327507574716752, -0.5779506448770717, -0.5350454501688487, -0.5952255354872689, 0.16689310326679807, -0.7860364202668169, -0.43196905705183825, -0.016163450995178852, 0.9755095820911353, 0.21936225313463836, 0.013311418421939367, 0.0, 0.0, 0.0, 1.0], "fov": 50.0, "aspect": 1.0}, {"camera_to_world": [0.8101161423622099, 0.14015666781603023, -0.5692696587302705, -0.5253775864188601, -0.5860577524048586, 0.1675104989047509, -0.7927651251176775, -0.4360729219596358, -0.015752673752007063, 0.9758567216673708, 0.21784286090270305, 0.012470145279381567, 0.0, 0.0, 0.0, 1.0], "fov": 50.0, "aspect": 1.0}, {"camera_to_world": [0.8168531522578241, 0.13697006214371038, -0.5603482218431717, -0.5155097131375921, -0.5766422689546662, 0.16809641605084347, -0.7995169094932741, -0.44022040477505514, -0.015317352945940832, 0.9762083778513735, 0.21629281474778494, 0.011611456092861315, 0.0, 0.0, 0.0, 1.0], "fov": 50.0, "aspect": 1.0}, {"camera_to_world": [0.8235897685636066, 0.13372091950327658, -0.5511974317833341, -0.5054590172745292, -0.5669913146835243, 0.1686480670146216, -0.8062745677284386, -0.4444051026238137, -0.014857395155070507, 0.9765636411312015, 0.2147154224311243, 0.01073683834816363, 0.0, 0.0, 0.0, 1.0], "fov": 50.0, "aspect": 1.0}, {"camera_to_world": [0.8303091607086257, 0.13041498410506486, -0.5418289670774472, -0.4952426857791571, -0.5571176891391787, 0.16916287991384596, -0.8130214022444154, -0.44862061263162856, -0.014372824759217473, 0.976921620182566, 0.21311398341805587, 0.009847779531073578, 0.0, 0.0, 0.0, 1.0], "fov": 50.0, "aspect": 1.0}, {"camera_to_world": [0.8369950775631716, 0.1270580790655879, -0.5322550936150667, -0.4848779056009601, -0.547034766251583, 0.16963851052866297, -0.8197412642155408, -0.45286053192421727, -0.013863789059869014, 0.9772814437457513, 0.21149178485965808, 0.008945767127376183, 0.0, 0.0, 0.0, 1.0], "fov": 50.0, "aspect": 1.0}, {"camera_to_world": [0.8436318874548774, 0.12365610106678293, -0.5224886669950675, -0.47438186368942326, -0.5367564946671574, 0.17007285308296644, -0.8264185925285359, -0.45711845762729714, -0.013330562701809934, 0.9776422624422401, 0.20985209740403316, 0.008032288622856482, 0.0, 0.0, 0.0, 1.0], "fov": 50.0, "aspect": 1.0}, {"camera_to_world": [0.850204616109889, 0.12021501427277473, -0.5125431309546865, -0.46377174699403134, -0.526297394189041, 0.17046404991775388, -0.8330384508265287, -0.46138798686658544, -0.012773551395819704, 0.9780032505206893, 0.20819817087502057, 0.007108831503299507, 0.0, 0.0, 0.0, 1.0], "fov": 50.0, "aspect": 1.0}, {"camera_to_world": [0.8566989823068216, 0.11674084357700432, -0.5024325120405582, -0.4530647424642692, -0.5156725484964914, 0.17081050002360015, -0.8395865624274972, -0.4656627167677997, -0.012193294943941946, 0.9783636075215683, 0.20653322985852163, 0.006176883254490293, 0.0, 0.0, 0.0, 1.0], "fov": 50.0, "aspect": 1.0}, {"camera_to_world": [0.8631014310317527, 0.11323966725767379, -0.4921714106998821, -0.4422780370496219, -0.5048975943357848, 0.17111086640223652, -0.8460493429067915, -0.469936244456657, -0.011590469571070738, 0.9787225598495457, 0.2048604692386376, 0.005237931362213894, 0.0, 0.0, 0.0, 1.0], "fov": 50.0, "aspect": 1.0}, {"camera_to_world": [0.8693991639253229, 0.10971760912394415, -0.4817749889876757, -0.4314288176995743, -0.4939887073931054, 0.17136408223049282, -0.8524139301357, -0.47420216705887475, -0.010965889568954917, 0.9790793622426256, 0.2031830497274199, 0.004293463312255335, 0.0, 0.0, 0.0, 1.0], "fov": 50.0, "aspect": 1.0}, {"camera_to_world": [0.8755801668180784, 0.10618083023918023, -0.47125895510275917, -0.42053427136361093, -0.4829625850767931, 0.17156935580360508, -0.8586682115724777, -0.47845408170017034, -0.010320508261097289, 0.979433299127028, 0.2015040934333054, 0.0033449665903996506, 0.0, 0.0, 0.0, 1.0], "fov": 50.0, "aspect": 1.0}, {"camera_to_world": [0.8816332341572983, 0.10263552031073392, -0.46063954498054915, -0.4096115849912172, -0.47183642645179985, 0.17172617423890285, -0.8648008486087795, -0.4826855855062611, -0.009655418299467616, 0.9797836858469398, 0.19982667951414146, 0.0023939286824318923, 0.0, 0.0, 0.0, 1.0], "fov": 50.0, "aspect": 1.0}, {"camera_to_world": [0.8875479901375786, 0.09908788883826236, -0.4499335011846982, -0.39867794553187763, -0.46062790958308386, 0.17183430592523885, -0.8708012977828581, -0.48689027560286424, -0.008971851306337125, 0.9801298697584764, 0.1981538399612013, 0.0014418370741370895, 0.0, 0.0, 0.0, 1.0], "fov": 50.0, "aspect": 1.0}, {"camera_to_world": [0.8933149063581857, 0.09554415611439701, -0.43915804935200004, -0.38775053993507724, -0.4493551665568526, 0.1718938017080459, -0.8766598286810103, -0.49106174911569733, -0.008271176876914033, 0.9804712311775103, 0.19648855556069436, 0.0004901792513002767, 0.0, 0.0, 0.0, 1.0], "fov": 50.0, "aspect": 1.0}, {"camera_to_world": [0.8989253158424669, 0.09201054417267562, -0.4283308724555927, -0.3768465551503006, -0.4380367564588554, 0.17190499480456906, -0.8823675383604307, -0.49519360317047756, -0.007554900960732358, 0.9808071841714298, 0.194833752079008, -0.0004595573002935255, 0.0, 0.0, 0.0, 1.0], "fov": 50.0, "aspect": 1.0}, {"camera_to_world": [0.9043714232682205, 0.08849326777802072, -0.4174700831601956, -0.365983178127033, -0.42669163659718967, 0.17186849944857244, -0.8879163621396489, -0.49927943489292226, -0.006824663641896406, 0.9811371771853636, 0.19319229671731583, -0.0014058850948592439, 0.0, 0.0, 0.0, 1.0], "fov": 50.0, "aspect": 1.0}, {"camera_to_world": [0.9096463112726281, 0.08499852555470885, -0.4065941945498317, -0.3551775958147593, -0.4153391322632648, 0.17178520826854898, -0.8932990806168613, -0.5033128414087488, -0.006082236340284403, 0.981460693493966, 0.19156699488023549, -0.0023473166466118577, 0.0, 0.0, 0.0, 1.0], "fov": 50.0, "aspect": 1.0}, {"camera_to_world": [0.9147439427109685, 0.08153249134569038, -0.39572208951302845, -0.3444469951629642, -0.40399890532847016, 0.1716562884080858, -0.8985093227915658, -0.5072874198436743, -0.005329518457626609, 0.9817772514704776, 0.18996058730190538, -0.0032823644697663247, 0.0, 0.0, 0.0, 1.0], "fov": 50.0, "aspect": 1.0}, {"camera_to_world": [0.9196591587645827, 0.07810130589533909, -0.38487298907284045, -0.3338085631211326, -0.3926909219757121, 0.17148317640157823, -0.9035415651806452, -0.5111967673234165, -0.004568533493946536, 0.9820864046654284, 0.18837574757130182, -0.004209541078537621, 0.0, 0.0, 0.0, 1.0], "fov": 50.0, "aspect": 1.0}, {"camera_to_world": [0.9243876728102748, 0.07471106894519752, -0.37406641994901185, -0.32327948663874945, -0.3814354198641624, 0.17126757182272254, -0.9083911268363418, -0.5150344809736924, -0.0038014246611894897, 0.9823877416880844, 0.18681508009668485, -0.005127358987140701, 0.0, 0.0, 0.0, 1.0], "fov": 50.0, "aspect": 1.0}, {"camera_to_world": [0.9289260599802057, 0.07136783182910675, -0.36332218163726765, -0.3128769526652995, -0.37025287502235027, 0.1710114297272466, -0.9130541601900334, -0.5187941579202195, -0.0030304500218970576, 0.9826808858844541, 0.18528111854695134, -0.006034330709790531, 0.0, 0.0, 0.0, 1.0], "fov": 50.0, "aspect": 1.0}, {"camera_to_world": [0.9332717423582263, 0.06807759065022825, -0.35266031328588765, -0.3026181481502677, -0.3591639687589614, 0.17071695191491854, -0.9175276376623168, -0.5224693952887153, -0.002257977181519072, 0.9829654948064758, 0.18377632480520548, -0.0069289687607020645, 0.0, 0.0, 0.0, 1.0], "fov": 50.0, "aspect": 1.0}, {"camera_to_world": [0.9374229697751966, 0.06484628011796581, -0.342101060642485, -0.292520260043139, -0.3481895548724927, 0.17038657703915608, -0.9218093339962313, -0.5260537902048966, -0.0014864775633372795, 0.9832412594677576, 0.1823030884672875, -0.007809785654090279, 0.0, 0.0, 0.0, 1.0], "fov": 50.0, "aspect": 1.0}, {"camera_to_world": [0.9413787961820081, 0.06167976811764064, -0.3316648433341517, -0.28260047529339827, -0.33735062743012495, 0.17002296959524407, -0.9258978042864752, -0.5295409397944814, -0.0007185202950085734, 0.9835079033820566, 0.18086372691509173, -0.008675293904170123, 0.0, 0.0, 0.0, 1.0], "fov": 50.0, "aspect": 1.0}, {"camera_to_world": [0.9451390515945097, 0.058583851080049903, -0.3213722227319299, -0.2728759808505303, -0.3266682893729187, 0.1696290078204402, -0.9297923576928474, -0.5329244411831864, 4.323426462046753e-05, 0.9837651813814531, 0.17946048599152625, -0.009524006025156555, 0.0, 0.0, 0.0, 1.0], "fov": 50.0, "aspect": 1.0}, {"camera_to_world": [0.9487043096191772, 0.05556425021173206, -0.31124387063588654, -0.2633639636640199, -0.31616372218867955, 0.16920777054088337, -0.9334930268407918, -0.5361978914967295, 0.000796041330524605, 0.9840128782119631, 0.17809554130075325, -0.010354434531264566, 0.0, 0.0, 0.0, 1.0], "fov": 50.0, "aspect": 1.0}, {"camera_to_world": [0.9520758505819696, 0.05262660863993909, -0.3013005389999788, -0.254081610683352, -0.3058581568756614, 0.16876252300127048, -0.9370005329256056, -0.5393548878608276, 0.0015370788015889036, 0.9842508069050816, 0.17677100015402236, -0.011165091936709098, 0.0, 0.0, 0.0, 1.0], "fov": 50.0, "aspect": 1.0}, {"camera_to_world": [0.9552556202952694, 0.04977648951896983, -0.29156303089635316, -0.24504610885801165, -0.2957728463996391, 0.16829670171368522, -0.9403162465495054, -0.5423890274011983, 0.0022634546506129782, 0.9844788069244876, 0.1754889041779618, -0.011954490755705111, 0.0, 0.0, 0.0, 1.0], "fov": 50.0, "aspect": 1.0}, {"camera_to_world": [0.9582461845088999, 0.047019375136743397, -0.28205217289694035, -0.23627464513748359, -0.2859290398240075, 0.16781389836171912, -0.9434421443321068, -0.5452939072435588, 0.00297221457106428, 0.9846967420878334, 0.17425123259865555, -0.012721143502467558, 0.0, 0.0, 0.0, 1.0], "fov": 50.0, "aspect": 1.0}, {"camera_to_world": [0.961050679100949, 0.04436066705222701, -0.2727887890260269, -0.22778440647125278, -0.27634795826730507, 0.16731784279507364, -0.9463807613449752, -0.5480631245136266, 0.0036603498598577477, 0.9849044982642147, 0.17305990621116998, -0.013463562691211428, 0.0, 0.0, 0.0, 1.0], "fov": 50.0, "aspect": 1.0}, {"camera_to_world": [0.9636727560723227, 0.0418056872857208, -0.2637936764112099, -0.219592579808804, -0.26705077281521306, 0.16681238514822577, -0.9491351394295531, -0.5506902763371186, 0.00432480551829223, 0.9851019808485455, 0.1719167920405114, -0.014180260836151681, 0.0, 0.0, 0.0, 1.0], "fov": 50.0, "aspect": 1.0}, {"camera_to_world": [0.9661165254156361, 0.03935968057495158, -0.25508758273161103, -0.21171635209962192, -0.2580585844845015, 0.16630147711444104, -0.9517087714649952, -0.5531689598397528, 0.004962488556577299, 0.9852891120146374, 0.17082370869622585, -0.014869750451503277, 0.0, 0.0, 0.0, 1.0], "fov": 50.0, "aspect": 1.0}, {"camera_to_world": [0.9683864929341338, 0.03702781770057029, -0.24669118553175381, -0.20417291029319182, -0.24939240630488696, 0.16578915240339562, -0.9541055416581656, -0.5554927721472461, 0.005570276491075804, 0.9854658277493424, 0.1697824324190108, -0.01553054405148117, 0.0, 0.0, 0.0, 1.0], "fov": 50.0, "aspect": 1.0}, {"camera_to_world": [0.9704874940898957, 0.03481519987491026, -0.23862507343693962, -0.19697944133899847, -0.24107314755118592, 0.16527950640704206, -0.9563296619323323, -0.5576553103853159, 0.0061450260275221075, 0.9856320746706222, 0.16879470381385336, -0.01616115415030031, 0.0, 0.0, 0.0, 1.0], "fov": 50.0, "aspect": 1.0}, {"camera_to_world": [0.9724246239626062, 0.032726864177832174, -0.23090972927156975, -0.19015313218652663, -0.23312160012275984, 0.1647766750940552, -0.9583856044939075, -0.5596501716796796, 0.006683581927976051, 0.9857878066328646, 0.16786223526028163, -0.016760093262175684, 0.0, 0.0, 0.0, 1.0], "fov": 50.0, "aspect": 1.0}, {"camera_to_world": [0.9742031634007897, 0.030767790013113236, -0.22356551504559746, -0.18371116978526122, -0.22555842703000628, 0.16428481314827423, -0.9602780306580934, -0.5614709531560544, 0.007182786064169541, 0.9859329