{
    "w": 512,
    "h": 512,
    "fl_x": 585.7816899336448,
    "fl_y": 585.5070962403794,
    "cx": 255.9832651333795,
    "cy": 253.7080014048979,
    "k1": 0.0006263057771480753,
    "k2": -0.004494466006736313,
    "p1": -0.0008573961446033291,
    "p2": 0.00016174609367140995,
    "camera_model": "OPENCV",
    "frames": [
        {
            "file_path": "images/frame_00185.jpg",
            "transform_matrix": [
                [
                    0.03196217588104791,
                    -0.9821055919967029,
                    -0.18559909881719402,
                    0.4042381571033015
                ],
                [
                    0.9968918265300011,
                    0.04470289290425307,
                    -0.0648717007921714,
                    0.03979328136130056
                ],
                [
                    0.07200767674787942,
                    -0.18294878391177266,
                    0.9804818391763186,
                    4.109670645521294
                ],
                [
                    0.0,
                    0.0,
                    0.0,
                    1.0
                ]
            ],
            "colmap_im_id": 185
        },
        {
            "file_path": "images/frame_00184.jpg",
            "transform_matrix": [
                [
                    -0.045333536495059716,
                    -0.9627914422737306,
                    -0.26641604522498397,
                    0.40364765587580154
                ],
                [
                    0.993029451634537,
                    -0.07247744040819781,
                    0.09294906572035351,
                    0.8079849137814589
                ],
                [
                    -0.10879971808447646,
                    -0.2603452694333924,
                    0.9593659166493214,
                    3.769890543426725
                ],
                [
                    0.0,
                    0.0,
                    0.0,
                    1.0
                ]
            ],
            "colmap_im_id": 184
        },
        {
            "file_path": "images/frame_00183.jpg",
            "transform_matrix": [
                [
                    -0.08499697943031305,
                    -0.966617339862523,
                    -0.24171560099592826,
                    0.39531145734672873
                ],
                [
                    0.987954205608363,
                    -0.11324512382548135,
                    0.10546103332748018,
                    1.131020707899303
                ],
                [
                    -0.1293135766594963,
                    -0.2298400752846449,
                    0.9645991595915256,
                    3.835837793237624
                ],
                [
                    0.0,
                    0.0,
                    0.0,
                    1.0
                ]
            ],
            "colmap_im_id": 183
        },
        {
            "file_path": "images/frame_00182.jpg",
            "transform_matrix": [
                [
                    -0.1486584291638623,
                    -0.938373404780603,
                    -0.31201926965973,
                    0.07738749185883827
                ],
                [
                    0.9094909706912043,
                    -0.25361301930256,
                    0.3294034163019721,
                    1.9967581202788203
                ],
                [
                    -0.38823555436062784,
                    -0.23481011400852755,
                    0.8911438518497439,
                    3.3822430038939646
                ],
                [
                    0.0,
                    0.0,
                    0.0,
                    1.0
                ]
            ],
            "colmap_im_id": 182
        },
        {
            "file_path": "images/frame_00181.jpg",
            "transform_matrix": [
                [
                    -0.289519218773094,
                    -0.8598130935640372,
                    -0.42059489547170875,
                    -0.0962828892419617
                ],
                [
                    0.7054176991144144,
                    -0.48867300660259577,
                    0.5134048718059703,
                    2.585407433464133
                ],
                [
                    -0.6469656032102037,
                    -0.14805450602335535,
                    0.7480076012374723,
                    2.496618440905956
                ],
                [
                    0.0,
                    0.0,
                    0.0,
                    1.0
                ]
            ],
            "colmap_im_id": 181
        },
        {
            "file_path": "images/frame_00180.jpg",
            "transform_matrix": [
                [
                    -0.35156119283536097,
                    -0.8256906785278855,
                    -0.4411798171770079,
                    -0.4726327556153461
                ],
                [
                    0.5207324197178389,
                    -0.5641055227131967,
                    0.6407984911805544,
                    3.1410850712914806
                ],
                [
                    -0.777973312361666,
                    -0.004456751802721624,
                    0.6282815154183564,
                    1.7753272756300522
                ],
                [
                    0.0,
                    0.0,
                    0.0,
                    1.0
                ]
            ],
            "colmap_im_id": 180
        },
        {
            "file_path": "images/frame_00179.jpg",
            "transform_matrix": [
                [
                    -0.3690157417117808,
                    -0.7034198527378187,
                    -0.6074766605748811,
                    -0.7830741920302633
                ],
                [
                    0.18067810669491294,
                    -0.6954293749517477,
                    0.6955094580344414,
                    3.2057399363156183
                ],
                [
                    -0.9116922749097116,
                    0.1468962056301207,
                    0.3837169538102631,
                    0.5690547895884441
                ],
                [
                    0.0,
                    0.0,
                    0.0,
                    1.0
                ]
            ],
            "colmap_im_id": 179
        },
        {
            "file_path": "images/frame_00178.jpg",
            "transform_matrix": [
                [
                    -0.3469901908120646,
                    -0.684374804976855,
                    -0.6412713417837248,
                    -1.0304428215869388
                ],
                [
                    -0.08171099390769479,
                    -0.6590937123806196,
                    0.7476087156895306,
                    3.345691333257068
                ],
                [
                    -0.9343024782985561,
                    0.31181180961154187,
                    0.17277810750193967,
                    -0.145238746664063
                ],
                [
                    0.0,
                    0.0,
                    0.0,
                    1.0
                ]
            ],
            "colmap_im_id": 178
        },
        {
            "file_path": "images/frame_00177.jpg",
            "transform_matrix": [
                [
                    -0.34826615786639464,
                    -0.6994128430427006,
                    -0.624125274501767,
                    -1.2698245777676083
                ],
                [
                    -0.2772643153743505,
                    -0.559157866382183,
                    0.7813238636333317,
                    3.7121077614271396
                ],
                [
                    -0.8954525016464981,
                    0.44515632697946855,
                    0.0008135386754314818,
                    -0.8826505207617968
                ],
                [
                    0.0,
                    0.0,
                    0.0,
                    1.0
                ]
            ],
            "colmap_im_id": 177
        },
        {
            "file_path": "images/frame_00176.jpg",
            "transform_matrix": [
                [
                    -0.3022192768879825,
                    -0.6704292978238934,
                    -0.6776341677458908,
                    -1.4000938677796941
                ],
                [
                    -0.4833316639464483,
                    -0.5049443518135877,
                    0.715137542154174,
                    3.4286996037035355
                ],
                [
                    -0.8216167058331167,
                    0.5436504007088717,
                    -0.17143579120189784,
                    -1.5139681368164521
                ],
                [
                    0.0,
                    0.0,
                    0.0,
                    1.0
                ]
            ],
            "colmap_im_id": 176
        },
        {
            "file_path": "images/frame_00175.jpg",
            "transform_matrix": [
                [
                    -0.2644690306925741,
                    -0.5763467974173332,
                    -0.7732273280939527,
                    -1.6835783841018095
                ],
                [
                    -0.7053728056481396,
                    -0.4311534921321879,
                    0.5626329809692004,
                    2.7872260088837497
                ],
                [
                    -0.6576513794227148,
                    0.694212528934045,
                    -0.2925126113766657,
                    -2.0234575731072546
                ],
                [
                    0.0,
                    0.0,
                    0.0,
                    1.0
                ]
            ],
            "colmap_im_id": 175
        },
        {
            "file_path": "images/frame_00174.jpg",
            "transform_matrix": [
                [
                    -0.17363682047880175,
                    -0.5734772238659643,
                    -0.8006085986804033,
                    -1.9818755029839614
                ],
                [
                    -0.8637565793288284,
                    -0.3018162482883427,
                    0.40352388273225126,
                    2.2717330237160462
                ],
                [
                    -0.473048439634013,
                    0.7615975485623206,
                    -0.44293831148782975,
                    -2.7313613829562096
                ],
                [
                    0.0,
                    0.0,
                    0.0,
                    1.0
                ]
            ],
            "colmap_im_id": 174
        },
        {
            "file_path": "images/frame_00173.jpg",
            "transform_matrix": [
                [
                    -0.12342640159539242,
                    -0.5117131243758841,
                    -0.8502444364597062,
                    -2.13307904183889
                ],
                [
                    -0.9743297781853674,
                    -0.10006642898475218,
                    0.20166356421399254,
                    1.2413672621753868
                ],
                [
                    -0.18827481703739468,
                    0.8533090812429632,
                    -0.48622649571760734,
                    -2.9857892128199843
                ],
                [
                    0.0,
                    0.0,
                    0.0,
                    1.0
                ]
            ],
            "colmap_im_id": 173
        },
        {
            "file_path": "images/frame_00172.jpg",
            "transform_matrix": [
                [
                    -0.011778038093883633,
                    -0.5110112821191942,
                    -0.8594933085053986,
                    -2.164765127266931
                ],
                [
                    -0.9983840765519253,
                    0.053797732248291597,
                    -0.018304089502112035,
                    0.24254747602946924
                ],
                [
                    0.05559238712467047,
                    0.8578888468512914,
                    -0.5108191587459722,
                    -3.2195021287982306
                ],
                [
                    0.0,
                    0.0,
                    0.0,
                    1.0
                ]
            ],
            "colmap_im_id": 172
        },
        {
            "file_path": "images/frame_00171.jpg",
            "transform_matrix": [
                [
                    0.0893409851622251,
                    -0.5503210650721111,
                    -0.8301595712320256,
                    -2.120706569612957
                ],
                [
                    -0.9305562157009422,
                    0.25102653654662366,
                    -0.2665535731701011,
                    -0.791773221261402
                ],
                [
                    0.3550821282331523,
                    0.7963243078591185,
                    -0.489677729657079,
                    -3.017933929736228
                ],
                [
                    0.0,
                    0.0,
                    0.0,
                    1.0
                ]
            ],
            "colmap_im_id": 171
        },
        {
            "file_path": "images/frame_00170.jpg",
            "transform_matrix": [
                [
                    0.1393544842870922,
                    -0.603608366011789,
                    -0.7850078140946473,
                    -2.043267573274785
                ],
                [
                    -0.8499648088971614,
                    0.3338304383723839,
                    -0.4075746091852515,
                    -1.6081936684054472
                ],
                [
                    0.5080749465831661,
                    0.7240263661612604,
                    -0.4665251008872199,
                    -2.658955953189541
                ],
                [
                    0.0,
                    0.0,
                    0.0,
                    1.0
                ]
            ],
            "colmap_im_id": 170
        },
        {
            "file_path": "images/frame_00169.jpg",
            "transform_matrix": [
                [
                    0.19062744925717784,
                    -0.5911049943746054,
                    -0.783744895495403,
                    -1.9876710157815096
                ],
                [
                    -0.7025775346531883,
                    0.4754447934942172,
                    -0.5294686545395211,
                    -2.079551398303418
                ],
                [
                    0.6855989960540722,
                    0.6515728155506793,
                    -0.32466426142248916,
                    -2.2430347477652366
                ],
                [
                    0.0,
                    0.0,
                    0.0,
                    1.0
                ]
            ],
            "colmap_im_id": 169
        },
        {
            "file_path": "images/frame_00168.jpg",
            "transform_matrix": [
                [
                    0.2687947627697354,
                    -0.6543473891309086,
                    -0.7068089344689445,
                    -1.6365683162502773
                ],
                [
                    -0.5072325610760217,
                    0.5276574691682623,
                    -0.6813902877317841,
                    -2.637275728427535
                ],
                [
                    0.818818969303851,
                    0.5416706467665637,
                    -0.19007473777351672,
                    -1.506082650993597
                ],
                [
                    0.0,
                    0.0,
                    0.0,
                    1.0
                ]
            ],
            "colmap_im_id": 168
        },
        {
            "file_path": "images/frame_00167.jpg",
            "transform_matrix": [
                [
                    0.2836512396303748,
                    -0.7287331271077945,
                    -0.6232896627667158,
                    -1.5056409202996723
                ],
                [
                    -0.29488835110475803,
                    0.5522004974338413,
                    -0.7798175882964765,
                    -3.300883720918204
                ],
                [
                    0.9124597715181016,
                    0.4049970865197832,
                    -0.05826255462661246,
                    -0.9073696279645954
                ],
                [
                    0.0,
                    0.0,
                    0.0,
                    1.0
                ]
            ],
            "colmap_im_id": 167
        },
        {
            "file_path": "images/frame_00166.jpg",
            "transform_matrix": [
                [
                    0.3172299511222992,
                    -0.7696543800886655,
                    -0.5540733645658087,
                    -1.2110161118265457
                ],
                [
                    -0.09510953179153353,
                    0.5554849786608551,
                    -0.8260693768955144,
                    -3.727997765825631
                ],
                [
                    0.943567345277134,
                    0.3147516063382063,
                    0.10301500489821871,
                    -0.2609746720499958
                ],
                [
                    0.0,
                    0.0,
                    0.0,
                    1.0
                ]
            ],
            "colmap_im_id": 166
        },
        {
            "file_path": "images/frame_00165.jpg",
            "transform_matrix": [
                [
                    0.3203591198191686,
                    -0.7894372892668783,
                    -0.523601757697251,
                    -0.9133093721708545
                ],
                [
                    0.10126821290826113,
                    0.5781056282305422,
                    -0.8096534021805478,
                    -3.5552392108609
                ],
                [
                    0.9418677101393027,
                    0.20635563700353124,
                    0.2651463137096431,
                    0.5892204873588927
                ],
                [
                    0.0,
                    0.0,
                    0.0,
                    1.0
                ]
            ],
            "colmap_im_id": 165
        },
        {
            "file_path": "images/frame_00164.jpg",
            "transform_matrix": [
                [
                    0.2950965031861107,
                    -0.8221263087535918,
                    -0.4868535573070444,
                    -0.653502612754734
                ],
                [
                    0.3665096463676209,
                    0.5679654568398693,
                    -0.7369436334999843,
                    -3.22398410360956
                ],
                [
                    0.8823767522588128,
                    0.03903296416968923,
                    0.468921842934744,
                    1.4450993391976252
                ],
                [
                    0.0,
                    0.0,
                    0.0,
                    1.0
                ]
            ],
            "colmap_im_id": 164
        },
        {
            "file_path": "images/frame_00163.jpg",
            "transform_matrix": [
                [
                    0.26800078862331933,
                    -0.8718867523467083,
                    -0.4098646952100025,
                    -0.5230686073949886
                ],
                [
                    0.5442657365580261,
                    0.4880539742936117,
                    -0.6823328558593375,
                    -2.9214865262913703
                ],
                [
                    0.7949530711345341,
                    -0.040209566753698536,
                    0.6053369354625998,
                    2.0322170786949174
                ],
                [
                    0.0,
                    0.0,
                    0.0,
                    1.0
                ]
            ],
            "colmap_im_id": 163
        },
        {
            "file_path": "images/frame_00162.jpg",
            "transform_matrix": [
                [
                    0.24399154155890657,
                    -0.8996162079628475,
                    -0.3621585371329181,
                    -0.25413965743049377
                ],
                [
                    0.6743082663349564,
                    0.4257729324333493,
                    -0.6033454830853148,
                    -2.5278611137383025
                ],
                [
                    0.6969766779455777,
                    -0.09699530080191263,
                    0.7105036396967245,
                    2.895159892153712
                ],
                [
                    0.0,
                    0.0,
                    0.0,
                    1.0
                ]
            ],
            "colmap_im_id": 162
        },
        {
            "file_path": "images/frame_00161.jpg",
            "transform_matrix": [
                [
                    0.21178789979040727,
                    -0.9189062317462786,
                    -0.3328020774577931,
                    -0.06206125743438184
                ],
                [
                    0.8151840419687564,
                    0.35393204769910325,
                    -0.45848346025892833,
                    -1.818274605572021
                ],
                [
                    0.5390926295376789,
                    -0.17419369354076583,
                    0.8240362212359215,
                    3.283213177150974
                ],
                [
                    0.0,
                    0.0,
                    0.0,
                    1.0
                ]
            ],
            "colmap_im_id": 161
        },
        {
            "file_path": "images/frame_00160.jpg",
            "transform_matrix": [
                [
                    0.13112462981998574,
                    -0.9462557800129557,
                    -0.2956456159773796,
                    0.002927332220647884
                ],
                [
                    0.9331958785901399,
                    0.2184654245329397,
                    -0.2853389396244736,
                    -1.149735967578499
                ],
                [
                    0.33459196588822665,
                    -0.23848030752184746,
                    0.9116881919205363,
                    3.7497470117938763
                ],
                [
                    0.0,
                    0.0,
                    0.0,
                    1.0
                ]
            ],
            "colmap_im_id": 160
        },
        {
            "file_path": "images/frame_00159.jpg",
            "transform_matrix": [
                [
                    0.042484563735182626,
                    -0.9658149154380358,
                    -0.2557276108707294,
                    0.20438863964810985
                ],
                [
                    0.9915808714259858,
                    0.07209776954374648,
                    -0.10756062034452621,
                    -0.22491778300022203
                ],
                [
                    0.122321041797042,
                    -0.24900494120446054,
                    0.9607466377716081,
                    3.9223191077988604
                ],
                [
                    0.0,
                    0.0,
                    0.0,
                    1.0
                ]
            ],
            "colmap_im_id": 159
        },
        {
            "file_path": "images/frame_00158.jpg",
            "transform_matrix": [
                [
                    0.011307135528957091,
                    -0.9579131571126418,
                    -0.2868353745907591,
                    0.5753875461044611
                ],
                [
                    0.9978449772788018,
                    0.029350973690424657,
                    -0.058684935570309335,
                    0.1788738014817059
                ],
                [
                    0.06463396944020346,
                    -0.28555367932127107,
                    0.956180707931554,
                    3.246974683386549
                ],
                [
                    0.0,
                    0.0,
                    0.0,
                    1.0
                ]
            ],
            "colmap_im_id": 158
        },
        {
            "file_path": "images/frame_00157.jpg",
            "transform_matrix": [
                [
                    -0.06603984146845834,
                    -0.9543910150549818,
                    -0.29116409414820077,
                    0.551428703172123
                ],
                [
                    0.9937816710709518,
                    -0.08912683186794479,
                    0.06674127721739671,
                    0.9059323932314003
                ],
                [
                    -0.08964780857470632,
                    -0.2849459566716196,
                    0.9543422196435869,
                    3.098985012416748
                ],
                [
                    0.0,
                    0.0,
                    0.0,
                    1.0
                ]
            ],
            "colmap_im_id": 157
        },
        {
            "file_path": "images/frame_00156.jpg",
            "transform_matrix": [
                [
                    -0.14540386211383602,
                    -0.93186239159248,
                    -0.3324006618794916,
                    0.44699743115139207
                ],
                [
                    0.9213443518924035,
                    -0.24996425410351694,
                    0.2977288311642649,
                    1.5883064955894057
                ],
                [
                    -0.360530584164988,
                    -0.2629645504740438,
                    0.8949119191717342,
                    2.8002029115329514
                ],
                [
                    0.0,
                    0.0,
                    0.0,
                    1.0
                ]
            ],
            "colmap_im_id": 156
        },
        {
            "file_path": "images/frame_00155.jpg",
            "transform_matrix": [
                [
                    -0.23144475181203197,
                    -0.906513856065437,
                    -0.35308066446640646,
                    0.3293685634430457
                ],
                [
                    0.8428059981505114,
                    -0.3681123494179198,
                    0.39264659388251355,
                    2.1420819524473247
                ],
                [
                    -0.485912930822166,
                    -0.2067025083722775,
                    0.8492129866484741,
                    2.4718752565037954
                ],
                [
                    0.0,
                    0.0,
                    0.0,
                    1.0
                ]
            ],
            "colmap_im_id": 155
        },
        {
            "file_path": "images/frame_00154.jpg",
            "transform_matrix": [
                [
                    -0.2637995296038415,
                    -0.892324487691688,
                    -0.3662878879331916,
                    0.18294783870407663
                ],
                [
                    0.7073929312218447,
                    -0.43712893050065194,
                    0.5554399508288206,
                    2.646341553915122
                ],
                [
                    -0.6557477022744025,
                    -0.11258466496429526,
                    0.7465384411915567,
                    1.99704951619893
                ],
                [
                    0.0,
                    0.0,
                    0.0,
                    1.0
                ]
            ],
            "colmap_im_id": 154
        },
        {
            "file_path": "images/frame_00153.jpg",
            "transform_matrix": [
                [
                    -0.303064767130363,
                    -0.8364047692387234,
                    -0.45670429045383043,
                    -0.09281337537460423
                ],
                [
                    0.4914517477729977,
                    -0.5477740202373828,
                    0.6770663205062271,
                    2.9768340371165416
                ],
                [
                    -0.8164722448038781,
                    -0.01925317500293005,
                    0.5770635915713466,
                    1.300989979833025
                ],
                [
                    0.0,
                    0.0,
                    0.0,
                    1.0
                ]
            ],
            "colmap_im_id": 153
        },
        {
            "file_path": "images/frame_00152.jpg",
            "transform_matrix": [
                [
                    -0.35180435103932123,
                    -0.7719474311917037,
                    -0.52946280517741,
                    -0.34789062544437077
                ],
                [
                    0.23032174950519782,
                    -0.6196165056264427,
                    0.7503514361018722,
                    3.220420677676319
                ],
                [
                    -0.907295756793047,
                    0.1420301004428508,
                    0.395780065533279,
                    0.6440771076013273
                ],
                [
                    0.0,
                    0.0,
                    0.0,
                    1.0
                ]
            ],
            "colmap_im_id": 152
        },
        {
            "file_path": "images/frame_00151.jpg",
            "transform_matrix": [
                [
                    -0.3742264035682249,
                    -0.7131915243883765,
                    -0.5927161617612391,
                    -0.5195436731170456
                ],
                [
                    0.036295927243897456,
                    -0.6499341698971217,
                    0.7591232972749838,
                    3.3586291053782236
                ],
                [
                    -0.9266267881611758,
                    0.26257079872050215,
                    0.2691084746368647,
                    0.035010476584144606
                ],
                [
                    0.0,
                    0.0,
                    0.0,
                    1.0
                ]
            ],
            "colmap_im_id": 151
        },
        {
            "file_path": "images/frame_00149.jpg",
            "transform_matrix": [
                [
                    -0.34369549351343914,
                    -0.7161029441072494,
                    -0.607511301277172,
                    -0.8604181091809903
                ],
                [
                    -0.338262830984122,
                    -0.5090894295440336,
                    0.7914582805815712,
                    3.462178295572425
                ],
                [
                    -0.8760431866712737,
                    0.4775191369646454,
                    -0.06725926642017067,
                    -1.141248390021349
                ],
                [
                    0.0,
                    0.0,
                    0.0,
                    1.0
                ]
            ],
            "colmap_im_id": 150
        },
        {
            "file_path": "images/frame_00150.jpg",
            "transform_matrix": [
                [
                    -0.35700286668710085,
                    -0.7032782438841504,
                    -0.6147752962314094,
                    -0.710805068798756
                ],
                [
                    -0.12390373598970883,
                    -0.616676505641419,
                    0.7774046254028081,
                    3.509187945821149
                ],
                [
                    -0.9258492411753565,
                    0.35370863584186635,
                    0.13301647847504308,
                    -0.5646721791623895
                ],
                [
                    0.0,
                    0.0,
                    0.0,
                    1.0
                ]
            ],
            "colmap_im_id": 149
        },
        {
            "file_path": "images/frame_00148.jpg",
            "transform_matrix": [
                [
                    -0.33582796222631045,
                    -0.6748171244705858,
                    -0.6571464283614221,
                    -1.0860396499520748
                ],
                [
                    -0.5366042634314303,
                    -0.4363174865981423,
                    0.7222762043400669,
                    3.143666584050916
                ],
                [
                    -0.7741288292358951,
                    0.5951881210255544,
                    -0.21558213361949521,
                    -1.6800620985486046
                ],
                [
                    0.0,
                    0.0,
                    0.0,
                    1.0
                ]
            ],
            "colmap_im_id": 148
        },
        {
            "file_path": "images/frame_00147.jpg",
            "transform_matrix": [
                [
                    -0.28288369319780726,
                    -0.6444134159908805,
                    -0.7104281564055108,
                    -1.2862057003387541
                ],
                [
                    -0.6768692597277295,
                    -0.39066349468107897,
                    0.6238830332355576,
                    2.80723203420955
                ],
                [
                    -0.6795769429272907,
                    0.6573533168810595,
                    -0.3256712996674187,
                    -2.170570975755575
                ],
                [
                    0.0,
                    0.0,
                    0.0,
                    1.0
                ]
            ],
            "colmap_im_id": 147
        },
        {
            "file_path": "images/frame_00146.jpg",
            "transform_matrix": [
                [
                    -0.27299110180428804,
                    -0.5494730987722832,
                    -0.7896550969007076,
                    -1.3835390224060764
                ],
                [
                    -0.8182910311837798,
                    -0.2989766220103012,
                    0.4909305121659243,
                    2.247609141884081
                ],
                [
                    -0.5058415232262651,
                    0.7801873449479263,
                    -0.36801095114580223,
                    -2.532704245962439
                ],
                [
                    0.0,
                    0.0,
                    0.0,
                    1.0
                ]
            ],
            "colmap_im_id": 146
        },
        {
            "file_path": "images/frame_00145.jpg",
            "transform_matrix": [
                [
                    -0.2080834510181404,
                    -0.5513433079028577,
                    -0.8079120213507879,
                    -1.57143131822638
                ],
                [
                    -0.916793273058525,
                    -0.17791584035982988,
                    0.3575416734084197,
                    1.5714857942376876
                ],
                [
                    -0.34086855514555553,
                    0.8150868116831423,
                    -0.46844649377830927,
                    -3.0354443994598266
                ],
                [
                    0.0,
                    0.0,
                    0.0,
                    1.0
                ]
            ],
            "colmap_im_id": 145
        },
        {
            "file_path": "images/frame_00144.jpg",
            "transform_matrix": [
                [
                    -0.08289522603705872,
                    -0.5075636078858626,
                    -0.8576173770686729,
                    -1.6290769615583625
                ],
                [
                    -0.9923724855380949,
                    -0.036750188316692585,
                    0.1176701899617209,
                    0.9130922869679221
                ],
                [
                    -0.09124270626852753,
                    0.8608301851170026,
                    -0.5006457439589589,
                    -3.129014548776899
                ],
                [
                    0.0,
                    0.0,
                    0.0,
                    1.0
                ]
            ],
            "colmap_im_id": 144
        },
        {
            "file_path": "images/frame_00143.jpg",
            "transform_matrix": [
                [
                    -0.014282807567353954,
                    -0.5074103047325345,
                    -0.8615862023380074,
                    -1.5871746403699256
                ],
                [
                    -0.9946018819549192,
                    0.0957788478295779,
                    -0.03991877653648179,
                    0.11733401988104533
                ],
                [
                    0.10277693233272213,
                    0.8563651061081801,
                    -0.5060392348628702,
                    -3.0204276623393285
                ],
                [
                    0.0,
                    0.0,
                    0.0,
                    1.0
                ]
            ],
            "colmap_im_id": 143
        },
        {
            "file_path": "images/frame_00142.jpg",
            "transform_matrix": [
                [
                    0.049856359814791876,
                    -0.558128943187573,
                    -0.8282550489808925,
                    -1.611928261203204
                ],
                [
                    -0.9409537237231048,
                    0.25177874178276527,
                    -0.22630412059419047,
                    -0.5951698394865185
                ],
                [
                    0.3348438937738604,
                    0.7906323721949476,
                    -0.5126207358659509,
                    -3.027809415004093
                ],
                [
                    0.0,
                    0.0,
                    0.0,
                    1.0
                ]
            ],
            "colmap_im_id": 142
        },
        {
            "file_path": "images/frame_00141.jpg",
            "transform_matrix": [
                [
                    0.10636968800240611,
                    -0.608872596556545,
                    -0.7861040965653097,
                    -1.5808769419679367
                ],
                [
                    -0.8513663343502025,
                    0.3526519839934679,
                    -0.38834513376707785,
                    -1.268476678336532
                ],
                [
                    0.5136738792360086,
                    0.7105707138265422,
                    -0.4808621491058208,
                    -2.736769704439073
                ],
                [
                    0.0,
                    0.0,
