{
    "w": 512,
    "h": 512,
    "fl_x": 421.10757048187764,
    "fl_y": 561.9259069745724,
    "cx": 258.69330239047,
    "cy": 250.53127468041305,
    "k1": 0.007329968095872858,
    "k2": -0.013543960701040005,
    "p1": -0.0010119424705537653,
    "p2": 0.0016932055230833819,
    "camera_model": "OPENCV",
    "frames": [
        {
            "file_path": "images/frame_00081.jpg",
            "transform_matrix": [
                [
                    0.5712833814504567,
                    -0.30415031067838955,
                    0.7623174447648244,
                    2.245624166888724
                ],
                [
                    0.7388815629911899,
                    -0.2137932601214388,
                    -0.6390199353684852,
                    -1.927254000123274
                ],
                [
                    0.35733644363572586,
                    0.928323774574844,
                    0.10259452036481188,
                    -0.4515719874361378
                ],
                [
                    0.0,
                    0.0,
                    0.0,
                    1.0
                ]
            ],
            "colmap_im_id": 81
        },
        {
            "file_path": "images/frame_00080.jpg",
            "transform_matrix": [
                [
                    0.8130190670467689,
                    -0.16154193589163623,
                    0.5593784046303393,
                    0.4940587087652552
                ],
                [
                    0.5164037236999968,
                    -0.24370173257462477,
                    -0.8209364528932209,
                    -1.4290532261789455
                ],
                [
                    0.26893715021762726,
                    0.956302080144401,
                    -0.11471329802735541,
                    -1.8776905950910927
                ],
                [
                    0.0,
                    0.0,
                    0.0,
                    1.0
                ]
            ],
            "colmap_im_id": 80
        },
        {
            "file_path": "images/frame_00079.jpg",
            "transform_matrix": [
                [
                    0.8232079443552206,
                    0.34753780648619825,
                    -0.4489389194681322,
                    -3.7227806299357815
                ],
                [
                    -0.456673441222932,
                    -0.06446588488581823,
                    -0.8872956202796752,
                    -0.249664664846841
                ],
                [
                    -0.33731001828000523,
                    0.9354472848582384,
                    0.1056424574652268,
                    -1.470156758974717
                ],
                [
                    0.0,
                    0.0,
                    0.0,
                    1.0
                ]
            ],
            "colmap_im_id": 79
        },
        {
            "file_path": "images/frame_00078.jpg",
            "transform_matrix": [
                [
                    0.912594005042513,
                    0.08387899734756961,
                    -0.40017058333219835,
                    -2.9614806416293886
                ],
                [
                    -0.37930784994265815,
                    -0.1916907783959426,
                    -0.9051962220700192,
                    -0.2678114682384264
                ],
                [
                    -0.15263596212014874,
                    0.9778644892222664,
                    -0.14311989304681746,
                    -0.9276068072957683
                ],
                [
                    0.0,
                    0.0,
                    0.0,
                    1.0
                ]
            ],
            "colmap_im_id": 78
        },
        {
            "file_path": "images/frame_00077.jpg",
            "transform_matrix": [
                [
                    0.41181382753934587,
                    -0.4332784345272926,
                    0.8016727322423856,
                    2.5972449727660063
                ],
                [
                    0.794461865893202,
                    -0.2602101943471792,
                    -0.5487449301809489,
                    -1.5998647900591114
                ],
                [
                    0.4463627617632152,
                    0.8628791647336154,
                    0.23706503744696983,
                    0.6301990517611015
                ],
                [
                    0.0,
                    0.0,
                    0.0,
                    1.0
                ]
            ],
            "colmap_im_id": 77
        },
        {
            "file_path": "images/frame_00076.jpg",
            "transform_matrix": [
                [
                    -0.8060811551366646,
                    0.04343770873167537,
                    -0.5902087230748795,
                    -2.9897155362264867
                ],
                [
                    -0.004044436198004096,
                    -0.9976837290295981,
                    -0.06790301440609449,
                    1.7353282070256661
                ],
                [
                    -0.5917911911049183,
                    -0.05234827876574316,
                    0.8043897337987876,
                    0.9571260286938605
                ],
                [
                    0.0,
                    0.0,
                    0.0,
                    1.0
                ]
            ],
            "colmap_im_id": 76
        },
        {
            "file_path": "images/frame_00075.jpg",
            "transform_matrix": [
                [
                    -0.7894155862853132,
                    0.10371950439984966,
                    -0.60503330200648,
                    -3.254340660439762
                ],
                [
                    -0.1536664500847309,
                    -0.9876304432409971,
                    0.03118861494116297,
                    1.888906089601199
                ],
                [
                    -0.5943144405516088,
                    0.11759409845158411,
                    0.7955890734299883,
                    0.8098312077955111
                ],
                [
                    0.0,
                    0.0,
                    0.0,
                    1.0
                ]
            ],
            "colmap_im_id": 75
        },
        {
            "file_path": "images/frame_00074.jpg",
            "transform_matrix": [
                [
                    -0.07308553300051504,
                    -0.3812619571609916,
                    0.9215735591301447,
                    0.513420430827335
                ],
                [
                    0.8801083392946967,
                    -0.45930026621432923,
                    -0.12021886939818632,
                    0.7955462483051655
                ],
                [
                    0.46911386247899645,
                    0.802298314517248,
                    0.3691200327167583,
                    0.2908036458273223
                ],
                [
                    0.0,
                    0.0,
                    0.0,
                    1.0
                ]
            ],
            "colmap_im_id": 74
        },
        {
            "file_path": "images/frame_00073.jpg",
            "transform_matrix": [
                [
                    0.9823806286917792,
                    -0.08708471609493242,
                    0.16536188373929947,
                    -1.3145528613401032
                ],
                [
                    0.16247941690587325,
                    -0.03925742527931484,
                    -0.9859306738520546,
                    -2.6448786788993006
                ],
                [
                    0.09235117461663388,
                    0.9954270976737092,
                    -0.024416260234195707,
                    -1.559932797084271
                ],
                [
                    0.0,
                    0.0,
                    0.0,
                    1.0
                ]
            ],
            "colmap_im_id": 73
        },
        {
            "file_path": "images/frame_00072.jpg",
            "transform_matrix": [
                [
                    -0.46014686083955536,
                    0.674301179846254,
                    -0.5775662605428535,
                    -3.7475949313968155
                ],
                [
                    -0.5697054940231502,
                    -0.7231881507759127,
                    -0.3904286729444384,
                    1.3806009038353553
                ],
                [
                    -0.6809555907247874,
                    0.1493881435565319,
                    0.7169258441606011,
                    0.7322485636933203
                ],
                [
                    0.0,
                    0.0,
                    0.0,
                    1.0
                ]
            ],
            "colmap_im_id": 72
        },
        {
            "file_path": "images/frame_00071.jpg",
            "transform_matrix": [
                [
                    0.6918994743719247,
                    -0.3299539455471997,
                    0.6421880652750326,
                    1.8168733917822433
                ],
                [
                    0.6397396005567008,
                    -0.1321297054149759,
                    -0.7571492484487483,
                    -2.8428205859360958
                ],
                [
                    0.33467650177956487,
                    0.9347043033841167,
                    0.119664131600934,
                    0.021425764672241786
                ],
                [
                    0.0,
                    0.0,
                    0.0,
                    1.0
                ]
            ],
            "colmap_im_id": 71
        },
        {
            "file_path": "images/frame_00070.jpg",
            "transform_matrix": [
                [
                    0.6926484785789642,
                    -0.1669417568902899,
                    0.7016897711443641,
                    1.5622994432316362
                ],
                [
                    0.6357104265833854,
                    -0.31830064930427787,
                    -0.7032474316950228,
                    -1.5721144137102485
                ],
                [
                    0.34074967154117236,
                    0.933174767371503,
                    -0.11434384498399867,
                    -1.7218809218369124
                ],
                [
                    0.0,
                    0.0,
                    0.0,
                    1.0
                ]
            ],
            "colmap_im_id": 70
        },
        {
            "file_path": "images/frame_00069.jpg",
            "transform_matrix": [
                [
                    -0.44507884036521195,
                    -0.19290406389010892,
                    0.8744671794835067,
                    2.5629334792516656
                ],
                [
                    0.8324812989983744,
                    -0.4489585970842232,
                    0.32467070228486256,
                    3.530855832263849
                ],
                [
                    0.3299692602003071,
                    0.8724816331813794,
                    0.36041099745154165,
                    0.7282371739497733
                ],
                [
                    0.0,
                    0.0,
                    0.0,
                    1.0
                ]
            ],
            "colmap_im_id": 69
        },
        {
            "file_path": "images/frame_00068.jpg",
            "transform_matrix": [
                [
                    0.9298810664445019,
                    -0.17246286770122504,
                    0.32492731730697166,
                    -0.8484174343056972
                ],
                [
                    0.2848350707340978,
                    -0.22140022902455533,
                    -0.9326579871891817,
                    -1.3449623821248262
                ],
                [
                    0.23278785352319656,
                    0.959811699164031,
                    -0.1567524079557267,
                    -2.012148891206432
                ],
                [
                    0.0,
                    0.0,
                    0.0,
                    1.0
                ]
            ],
            "colmap_im_id": 68
        },
        {
            "file_path": "images/frame_00067.jpg",
            "transform_matrix": [
                [
                    0.7845314053704032,
                    -0.2126296237949822,
                    0.5824938772831388,
                    1.3108278875560904
                ],
                [
                    0.5650497330256771,
                    -0.1417659957285359,
                    -0.8127860737381687,
                    -2.7980512035496337
                ],
                [
                    0.2554002216035673,
                    0.9667942105432268,
                    0.008926436296061954,
                    -0.9008698522458369
                ],
                [
                    0.0,
                    0.0,
                    0.0,
                    1.0
                ]
            ],
            "colmap_im_id": 67
        },
        {
            "file_path": "images/frame_00066.jpg",
            "transform_matrix": [
                [
                    0.2544724731804453,
                    -0.20317081822092053,
                    0.9454974241196373,
                    2.059076877318565
                ],
                [
                    0.8714398137686193,
                    -0.3757516629195309,
                    -0.31528295036700194,
                    0.486111971409395
                ],
                [
                    0.4193285243962563,
                    0.9041749313250446,
                    0.08143268502885893,
                    -0.8341484470759809
                ],
                [
                    0.0,
                    0.0,
                    0.0,
                    1.0
                ]
            ],
            "colmap_im_id": 66
        },
        {
            "file_path": "images/frame_00065.jpg",
            "transform_matrix": [
                [
                    0.9994871289540873,
                    0.022125876560063724,
                    0.023150046254046968,
                    -1.8603269063368142
                ],
                [
                    0.02391294690819106,
                    -0.03486106566504507,
                    -0.9991060389522544,
                    -3.300845155629908
                ],
                [
                    -0.02129906160566063,
                    0.9991472122200744,
                    -0.0353722813453138,
                    -1.153654614569008
                ],
                [
                    0.0,
                    0.0,
                    0.0,
                    1.0
                ]
            ],
            "colmap_im_id": 65
        },
        {
            "file_path": "images/frame_00064.jpg",
            "transform_matrix": [
                [
                    0.9453690375065056,
                    -0.14920832262899805,
                    0.289852133651391,
                    -0.7359043223301531
                ],
                [
                    0.3069606127244543,
                    0.10799798950952418,
                    -0.945574754579313,
                    -1.4314763548092528
                ],
                [
                    0.10978417536170966,
                    0.9828902841722171,
                    0.14789903353304185,
                    0.013890518238559555
                ],
                [
                    0.0,
                    0.0,
                    0.0,
                    1.0
                ]
            ],
            "colmap_im_id": 64
        },
        {
            "file_path": "images/frame_00063.jpg",
            "transform_matrix": [
                [
                    0.18160179088668232,
                    -0.453386324904624,
                    0.8726176883012561,
                    2.719621669020714
                ],
                [
                    0.8648128998754457,
                    -0.34877120779823406,
                    -0.3611887218892405,
                    -0.3185015984700982
                ],
                [
                    0.4681019523092931,
                    0.8202435522455754,
                    0.3287568664587686,
                    1.2020113851481986
                ],
                [
                    0.0,
                    0.0,
                    0.0,
                    1.0
                ]
            ],
            "colmap_im_id": 63
        },
        {
            "file_path": "images/frame_00062.jpg",
            "transform_matrix": [
                [
                    -0.20539371288316607,
                    0.8261606276570779,
                    -0.5246637399490559,
                    -3.734146381605698
                ],
                [
                    -0.6287369136088153,
                    -0.522218824019706,
                    -0.5761747940557069,
                    0.7954253780502346
                ],
                [
                    -0.7500022107792274,
                    0.21153278031723236,
                    0.6266981463811211,
                    0.5382579749487453
                ],
                [
                    0.0,
                    0.0,
                    0.0,
                    1.0
                ]
            ],
            "colmap_im_id": 62
        },
        {
            "file_path": "images/frame_00061.jpg",
            "transform_matrix": [
                [
                    -0.7256598591298061,
                    0.2094808326031554,
                    -0.6553896166553138,
                    -2.862522530951662
                ],
                [
                    -0.03144874066421374,
                    -0.961629494525398,
                    -0.27254300939386167,
                    0.8086573281450573
                ],
                [
                    -0.6873345223094397,
                    -0.1771623437153518,
                    0.704403831911027,
                    0.8450234459216167
                ],
                [
                    0.0,
                    0.0,
                    0.0,
                    1.0
                ]
            ],
            "colmap_im_id": 61
        },
        {
            "file_path": "images/frame_00060.jpg",
            "transform_matrix": [
                [
                    -0.0189942144140284,
                    -0.5049869188947317,
                    0.8629179749918295,
                    1.8945308450537672
                ],
                [
                    0.9059851436953966,
                    -0.37373834443198284,
                    -0.1987726573361442,
                    0.6094511595617373
                ],
                [
                    0.4228831271427433,
                    0.7780153350972243,
                    0.4646095125280241,
                    0.9959587109991533
                ],
                [
                    0.0,
                    0.0,
                    0.0,
                    1.0
                ]
            ],
            "colmap_im_id": 60
        },
        {
            "file_path": "images/frame_00029.jpg",
            "transform_matrix": [
                [
                    0.874295929149336,
                    -0.2205264374896907,
                    0.4324057338206848,
                    -0.007668069078270386
                ],
                [
                    0.4376863283501645,
                    -0.02696173128785314,
                    -0.8987233962801422,
                    -1.5686517675636171
                ],
                [
                    0.20985067607289556,
                    0.9750082847925278,
                    0.07294887482121655,
                    -0.35464220226726967
                ],
                [
                    0.0,
                    0.0,
                    0.0,
                    1.0
                ]
            ],
            "colmap_im_id": 29
        },
        {
            "file_path": "images/frame_00028.jpg",
            "transform_matrix": [
                [
                    0.9797320018493932,
                    0.07291040343508826,
                    -0.18657244604472814,
                    -2.9270199393341034
                ],
                [
                    -0.1796938442385989,
                    -0.09168541375953067,
                    -0.9794406093513265,
                    -0.6212850594397754
                ],
                [
                    -0.08851738188025247,
                    0.9931152289511405,
                    -0.07672558328477676,
                    -1.233173846609291
                ],
                [
                    0.0,
                    0.0,
                    0.0,
                    1.0
                ]
            ],
            "colmap_im_id": 28
        },
        {
            "file_path": "images/frame_00027.jpg",
            "transform_matrix": [
                [
                    -0.6740782240646896,
                    -0.30634664807368606,
                    0.6721385861976763,
                    1.592353901032443
                ],
                [
                    0.6421340210187717,
                    -0.6927645310329097,
                    0.3282395521460147,
                    3.2445511213805327
                ],
                [
                    0.36507868589121684,
                    0.6528621874153608,
                    0.6636930897268499,
                    2.8884435391855177
                ],
                [
                    0.0,
                    0.0,
                    0.0,
                    1.0
                ]
            ],
            "colmap_im_id": 27
        },
        {
            "file_path": "images/frame_00026.jpg",
            "transform_matrix": [
                [
                    -0.783339543396869,
                    -0.03780466856378493,
                    0.6204433630764082,
                    1.073949498035023
                ],
                [
                    0.5432562676829563,
                    -0.5267129573745449,
                    0.6537936128144278,
                    4.874847870769873
                ],
                [
                    0.3020791078078148,
                    0.8492021358713973,
                    0.43313271067594433,
                    1.2727505947191153
                ],
                [
                    0.0,
                    0.0,
                    0.0,
                    1.0
                ]
            ],
            "colmap_im_id": 26
        },
        {
            "file_path": "images/frame_00025.jpg",
            "transform_matrix": [
                [
                    -0.5478659257072659,
                    -0.13363604828570252,
                    0.8258234278872831,
                    0.9591454025837834
                ],
                [
                    0.757398257771733,
                    -0.49841576363275153,
                    0.42181702868272836,
                    2.6419848201827185
                ],
                [
                    0.3552334536234801,
                    0.856576402407259,
                    0.37428072387684125,
                    0.676183167662061
                ],
                [
                    0.0,
                    0.0,
                    0.0,
                    1.0
                ]
            ],
            "colmap_im_id": 25
        },
        {
            "file_path": "images/frame_00024.jpg",
            "transform_matrix": [
                [
                    -0.3871436709419081,
                    -0.40978872810095435,
                    0.825949742037023,
                    2.459376836110163
                ],
                [
                    0.8309247288310202,
                    -0.5433083373745629,
                    0.11991724461637361,
                    1.9287177235376383
                ],
                [
                    0.3996046459523695,
                    0.7327272677201867,
                    0.5508419719598274,
                    1.4437862891059552
                ],
                [
                    0.0,
                    0.0,
                    0.0,
                    1.0
                ]
            ],
            "colmap_im_id": 24
        },
        {
            "file_path": "images/frame_00023.jpg",
            "transform_matrix": [
                [
                    0.8695855566596925,
                    0.11211785231685245,
                    -0.48088517011934245,
                    -1.4373747879866963
                ],
                [
                    -0.43397094038439893,
                    -0.2910683121208977,
                    -0.852612726025698,
                    0.08785046203045185
                ],
                [
                    -0.23556354249062603,
                    0.9501099014697973,
                    -0.20445291041782426,
                    -0.3475874762811303
                ],
                [
                    0.0,
                    0.0,
                    0.0,
                    1.0
                ]
            ],
            "colmap_im_id": 23
        },
        {
            "file_path": "images/frame_00022.jpg",
            "transform_matrix": [
                [
                    0.8092335729020484,
                    0.08611911766164039,
                    -0.5811407076271334,
                    -2.5283943390008248
                ],
                [
                    -0.5482801632411939,
                    -0.2446044160350016,
                    -0.7997234160960811,
                    -0.05058180353323179
                ],
                [
                    -0.21102105839084995,
                    0.9657909593847711,
                    -0.15072470164591176,
                    -0.5197549464846514
                ],
                [
                    0.0,
                    0.0,
                    0.0,
                    1.0
                ]
            ],
            "colmap_im_id": 22
        },
        {
            "file_path": "images/frame_00021.jpg",
            "transform_matrix": [
                [
                    -0.08660748750687856,
                    -0.45750084883873854,
                    0.8849814215109705,
                    2.491898143626261
                ],
                [
                    0.8959726505440788,
                    -0.42416518475190185,
                    -0.13159371383695273,
                    0.827717436629685
                ],
                [
                    0.43558254393944945,
                    0.7815221489863344,
                    0.44664412909946427,
                    1.7748240444474808
                ],
                [
                    0.0,
                    0.0,
                    0.0,
                    1.0
                ]
            ],
            "colmap_im_id": 21
        },
        {
            "file_path": "images/frame_00020.jpg",
            "transform_matrix": [
                [
                    0.9999863754733758,
                    0.005190243415227297,
                    -0.0005569927390438976,
                    -2.1076205561507657
                ],
                [
                    -0.0005529962019125696,
                    -0.0007714128663916962,
                    -0.9999995495585938,
                    -2.8014842379414215
                ],
                [
                    -0.00519067074869214,
                    0.9999862330529757,
                    -0.0007685321713609376,
                    -0.96846803150996
                ],
                [
                    0.0,
                    0.0,
                    0.0,
                    1.0
                ]
            ],
            "colmap_im_id": 20
        },
        {
            "file_path": "images/frame_00019.jpg",
            "transform_matrix": [
                [
                    0.5182903619927691,
                    -0.1512131130501731,
                    0.8417301795154314,
                    2.186539278067224
                ],
                [
                    0.7723254292435027,
                    -0.3399278824567767,
                    -0.5366213432880689,
                    -0.8704483051417673
                ],
                [
                    0.3672717413703976,
                    0.9282152924672851,
                    -0.059395612806237154,
                    -1.3256230265142732
                ],
                [
                    0.0,
                    0.0,
                    0.0,
                    1.0
                ]
            ],
            "colmap_im_id": 19
        },
        {
            "file_path": "images/frame_00018.jpg",
            "transform_matrix": [
                [
                    0.9976440175974677,
                    -0.05276855470304988,
                    -0.04383940905777243,
                    -1.2308512685917417
                ],
                [
                    -0.052831487952023776,
                    -0.18330412435391466,
                    -0.9816355901634881,
                    -0.3130213723932339
                ],
                [
                    0.04376354684847463,
                    0.981638975198823,
                    -0.18566010432466518,
                    -0.6191844280946277
                ],
                [
                    0.0,
                    0.0,
                    0.0,
                    1.0
                ]
            ],
            "colmap_im_id": 18
        },
        {
            "file_path": "images/frame_00017.jpg",
            "transform_matrix": [
                [
                    -0.7775806799017737,
                    -0.2607908416242273,
                    0.5721506997010689,
                    1.0833733617729437
                ],
                [
                    0.5685223437413567,
                    -0.680309950254119,
                    0.4625588786868903,
                    3.9488185694217344
                ],
                [
                    0.2686086947779806,
                    0.6849573041512628,
                    0.6772612941690263,
                    2.401117075289588
                ],
                [
                    0.0,
                    0.0,
                    0.0,
                    1.0
                ]
            ],
            "colmap_im_id": 17
        },
        {
            "file_path": "images/frame_00016.jpg",
            "transform_matrix": [
                [
                    -0.5071574713256556,
                    -0.4346314747333707,
                    0.7442357022137941,
                    1.1187602348547443
                ],
                [
                    0.786991105970771,
                    -0.5855613029716871,
                    0.194326939936285,
                    1.836875788216483
                ],
                [
                    0.35133502302142694,
                    0.6842612378567083,
                    0.6390228947114008,
                    1.6816927654615144
                ],
                [
                    0.0,
                    0.0,
                    0.0,
                    1.0
                ]
            ],
            "colmap_im_id": 16
        },
        {
            "file_path": "images/frame_00015.jpg",
            "transform_matrix": [
                [
                    -0.848081416254336,
                    -0.1904923024459852,
                    0.49443967692011287,
                    0.8600319927874779
                ],
                [
                    0.46664902173222944,
                    -0.7105358735326257,
                    0.5266663677695596,
                    4.316803452790769
                ],
                [
                    0.2509912387323342,
                    0.6773857506119063,
                    0.6914853165090002,
                    2.6364015482429135
                ],
                [
                    0.0,
                    0.0,
                    0.0,
                    1.0
                ]
            ],
            "colmap_im_id": 15
        },
        {
            "file_path": "images/frame_00014.jpg",
            "transform_matrix": [
                [
                    -0.657328926388254,
                    0.43303052605693865,
                    -0.6167683892970812,
                    -3.6300580287817894
                ],
                [
                    -0.3629520376678611,
                    -0.8991640940906722,
                    -0.2444785271774363,
                    1.845825357554466
                ],
                [
                    -0.660442655259344,
                    0.06315453586997455,
                    0.7482158804202402,
                    0.8330732090144685
                ],
                [
                    0.0,
                    0.0,
                    0.0,
                    1.0
                ]
            ],
            "colmap_im_id": 14
        },
        {
            "file_path": "images/frame_00001.jpg",
            "transform_matrix": [
                [
                    0.5250889163417654,
                    0.7405857592784864,
                    -0.4193022335844854,
                    -3.751334386394535
                ],
                [
                    -0.5873274080201598,
                    -0.04121417144250468,
                    -0.8082993924658292,
                    -0.42487117412389475
                ],
                [
                    -0.6158962134348214,
                    0.6706967460978288,
                    0.4133252097930071,
                    -0.03416875711034159
                ],
                [
                    0.0,
                    0.0,
                    0.0,
                    1.0
                ]
            ],
            "colmap_im_id": 1
        },
        {
            "file_path": "images/frame_00003.jpg",
            "transform_matrix": [
                [
                    -0.44052305323893665,
                    -0.4817123000417135,
                    0.7575570602625019,
                    0.5992794135242644
                ],
                [
                    0.8202985797759947,
                    -0.5588485593157303,
                    0.12164919962012267,
                    1.729090148904513
                ],
                [
                    0.3647597559799159,
                    0.6750122574733397,
                    0.6413335892327932,
                    1.2842695318717803
                ],
                [
                    0.0,
                    0.0,
                    0.0,
                    1.0
                ]
            ],
            "colmap_im_id": 2
        },
        {
            "file_path": "images/frame_00002.jpg",
            "transform_matrix": [
                [
                    0.7901335686330504,
                    -0.17867201627017285,
                    0.5863149787623982,
                    0.6268204110882425
                ],
                [
                    0.5384963110528129,
                    -0.2545449915851589,
                    -0.8032612092223946,
                    -1.484416105767732
                ],
                [
                    0.29276384117870974,
                    0.9504120989659497,
                    -0.10491032092899509,
                    -1.8465031104436669
                ],
                [
                    0.0,
                    0.0,
                    0.0,
                    1.0
                ]
            ],
            "colmap_im_id": 3
        },
        {
            "file_path": "images/frame_00004.jpg",
            "transform_matrix": [
                [
                    0.9010100854914783,
                    0.21110490766599257,
                    -0.3789664151372407,
                    -3.699562470497804
                ],
                [
                    -0.3600324058102988,
                    -0.1234124616429611,
                    -0.9247410616370795,
                    -0.6067019809108731
                ],
                [
                    -0.24198655460394286,
                    0.9696412131662706,
                    -0.035191264830289774,
                    -0.9717506684930453
                ],
                [
                    0.0,
                    0.0,
                    0.0,
                    1.0
                ]
            ],
            "colmap_im_id": 4
        },
        {
            "file_path": "images/frame_00005.jpg",
            "transform_matrix": [
                [
                    0.9367691761841461,
                    0.2625466074856368,
                    -0.23137153984243405,
                    -3.322697251245551
                ],
                [
                    -0.25263808110073144,
                    0.049877502363773224,
                    -0.9662744096454651,
                    -0.7225864004642861
                ],
                [
                    -0.24215183362720252,
                    0.9636293445385183,
                    0.1130529779141129,
                    -1.5418158118356065
                ],
                [
                    0.0,
                    0.0,
                    0.0,
                    1.0
                ]
            ],
            "colmap_im_id": 5
        },
        {
            "file_path": "images/frame_00006.jpg",
            "transform_matrix": [
                [
                    0.9989859539889917,
                    0.007358288921592145,
                    0.04441755640341489,
                    -1.5671155286917933
                ],
                [
                    0.04284828658363577,
                    0.14752076751126927,
                    -0.9881303798030565,
                    -1.302549725527013
                ],
                [
                    -0.01382346083840033,
                    0.9890315863191795,
                    0.14705588459295602,
                    0.0028096715098884584
                ],
                [
                    0.0,
                    0.0,
                    0.0,
                    1.0
                ]
            ],
            "colmap_im_id": 6
        },
        {
            "file_path": "images/frame_00007.jpg",
            "transform_matrix": [
                [
                    0.17041542365624981,
                    0.8898359228522004,
                    -0.42326187376355284,
                    -3.7412504166253746
                ],
                [
                    -0.6826954349943396,
                    -0.20312384542583112,
                    -0.7019028753733042,
                    0.13325977305035588
                ],
                [
                    -0.7105529722814127,
                    0.4085740248978096,
                    0.5728714862522432,
                    0.27550169097602945
                ],
                [
                    0.0,
                    0.0,
                    0.0,
                    1.0
