{"default_fov": 50.0, "default_transition_sec": 2.0, "keyframes": [{"matrix": [0.7346765564866681, 0.3673653884685074, -0.5703446578204046, -0.5106666564941406, -0.6783810578172892, 0.4065268264598829, -0.6119927121814053, -0.47769932746887217, 0.007035463281659715, 0.8365277106730171, 0.5478794498177254, 0.12100912332534779, 0.0, 0.0, 0.0, 1.0], "fov": 50.0, "aspect": 1.0, "override_transition_enabled": false, "override_transition_sec": null}, {"matrix": [-0.17450653233047853, 0.6478238420113258, -0.7415333707229073, -0.8481851577758771, -0.9835579853046552, -0.07912776411520084, 0.16233448952572294, 0.2163397789001476, 0.04648827505338926, 0.7576694969891649, 0.6509806246077884, 0.2621608972549434, 0.0, 0.0, 0.0, 1.0], "fov": 50.0, "aspect": 1.0, "override_transition_enabled": false, "override_transition_sec": null}, {"matrix": [-0.7310247200321942, 0.5046796253762236, -0.45923995300057135, -0.6627733707427959, -0.6732994747743553, -0.42424816699817347, 0.6055421620888737, 0.7309612274169928, 0.11077308323970153, 0.7518723086593926, 0.6499364241991408, 0.2582733392715441, 0.0, 0.0, 0.0, 1.0], "fov": 50.0, "aspect": 1.0, "override_transition_enabled": false, "override_transition_sec": null}, {"matrix": [-0.9298879478884847, -0.021933470155169915, 0.367188408393696, 0.20952970981597968, 0.32519760224938776, -0.5155480597588404, 0.7927526206643185, 0.9999999999999998, 0.17191545556753302, 0.85657989759616, 0.48653463923050716, 0.23707087039947408, 0.0, 0.0, 0.0, 1.0], "fov": 50.0, "aspect": 1.0, "override_transition_enabled": false, "override_transition_sec": null}, {"matrix": [-0.606176951527748, -0.3100025265571641, 0.7324260624559327, 0.6696614742279059, 0.7789810197943928, -0.41718011101903807, 0.4681338759054203, 0.7502470970153796, 0.1604309017509245, 0.8543179668591305, 0.4943710522118654, 0.25176224708557055, 0.0, 0.0, 0.0, 1.0], "fov": 50.0, "aspect": 1.0, "override_transition_enabled": false, "override_transition_sec": null}, {"matrix": [-0.10331530623109231, -0.3758976906474028, 0.9208837460094108, 0.82350616455078, 0.9877746466345543, -0.14743482397850893, 0.05063812935335882, 0.2581138610839818, 0.11673557711493537, 0.9148573106470623, 0.38653448253845013, 0.1414297819137563, 0.0, 0.0, 0.0, 1.0], "fov": 50.0, "aspect": 1.0, "override_transition_enabled": false, "override_transition_sec": null}, {"matrix": [0.4663996140338838, -0.3272415151729767, 0.821817735739707, 0.4406926155090319, 0.8821105107159312, 0.1027699553708496, -0.45969488049961227, -0.25259962081909115, 0.06597307718701123, 0.9393355774271345, 0.3365950475959333, -0.1813499331474307, 0.0, 0.0, 0.0, 1.0], "fov": 50.0, "aspect": 1.0, "override_transition_enabled": false, "override_transition_sec": null}, {"matrix": [0.7592149452034583, -0.2304351805682725, 0.6086807821314697, 0.3532908439636259, 0.6486581641600867, 0.19139177993297793, -0.7366218654388104, -0.5141020298004159, 0.05324709426979074, 0.9540800879017204, 0.29478116089952183, -0.17506363391876104, 0.0, 0.0, 0.0, 1.0], "fov": 50.0, "aspect": 1.0, "override_transition_enabled": false, "override_transition_sec": null}, {"matrix": [0.9573576093774009, -0.05683446035561293, 0.28326004286392786, 0.13381671905517895, 0.28650792431554817, 0.3128245138862026, -0.9055683479540666, -0.6521978855133144, -0.03714319684119988, 0.9481089956476247, 0.3157684520348234, -0.12542296648025425, 0.0, 0.0, 0.0, 1.0], "fov": 50.0, "aspect": 1.0, "override_transition_enabled": false, "override_transition_sec": null}], "camera_type": "perspective", "render_height": 512.0, "render_width": 512.0, "fps": 30.0, "seconds": 18.0, "is_cycle": true, "smoothness_value": 0.0, "camera_path": [{"camera_to_world": [0.7346765564866681, 0.3673653884685074, -0.5703446578204046, -0.5106666564941406, -0.6783810578172892, 0.4065268264598829, -0.6119927121814053, -0.47769932746887217, 0.007035463281659715, 0.8365277106730171, 0.5478794498177254, 0.12100912332534779, 0.0, 0.0, 0.0, 1.0], "fov": 50.0, "aspect": 1.0}, {"camera_to_world": [0.7286226466618605, 0.37148294460670933, -0.5754211159123328, -0.5148908317372202, -0.6848731357522979, 0.40449219183018437, -0.6060815577735623, -0.4737106417271827, 0.0076043866472058075, 0.8356952127508821, 0.5491408605166601, 0.12267761974196731, 0.0, 0.0, 0.0, 1.0], "fov": 50.0, "aspect": 1.0}, {"camera_to_world": [0.7219263508864756, 0.3760299183977841, -0.5808819538989767, -0.5193727583103709, -0.6919223901051953, 0.4021188682200292, -0.5996197310734166, -0.46899848686589135, 0.008108635326057434, 0.8348065142841175, 0.5504837270455417, 0.1244504454694411, 0.0, 0.0, 0.0, 1.0], "fov": 50.0, "aspect": 1.0}, {"camera_to_world": [0.7145914429845933, 0.3809825985657014, -0.5866952609347738, -0.5241015609398484, -0.6994897432933076, 0.39940494201921717, -0.5926126823803961, -0.46358699562549593, 0.008553867000328785, 0.8338632692958428, 0.55190477392263, 0.126323403520882, 0.0, 0.0, 0.0, 1.0], "fov": 50.0, "aspect": 1.0}, {"camera_to_world": [0.706621464584861, 0.3863166593197944, -0.592828427557198, -0.5290663643519082, -0.7075352134361559, 0.39634820942466975, -0.5850658241887928, -0.4575003007464938, 0.008945811075541321, 0.8328670575895364, 0.5534007922350208, 0.12829229690940278, 0.0, 0.0, 0.0, 1.0], "fov": 50.0, "aspect": 1.0}, {"camera_to_world": [0.6980199566959041, 0.3920072152639277, -0.5992482651082678, -0.5342562932728064, -0.7160180385274312, 0.3929463311342337, -0.5769847046079084, -0.4507625349693827, 0.00929023990962241, 0.8318194058983992, 0.5549686184040101, 0.13035292864811626, 0.0, 0.0, 0.0, 1.0], "fov": 50.0, "aspect": 1.0}, {"camera_to_world": [0.6887906805947983, 0.39802887799309206, -0.6059211257328092, -0.5396604724287986, -0.7248968021769913, 0.3891969812965433, -0.5683751718215971, -0.44339783103466013, 0.009592941119731357, 0.8307218078473794, 0.5566051144639753, 0.13250110175013527, 0.0, 0.0, 0.0, 1.0], "fov": 50.0, "aspect": 1.0}, {"camera_to_world": [0.6789378270763202, 0.4043558150433233, -0.6128130235280044, -0.5452680265461404, -0.73412956176795, 0.3850979901882204, -0.559243528788122, -0.43543032168282386, 0.00985969083097582, 0.8295757426502074, 0.5583071499659256, 0.1347326192285726, 0.0, 0.0, 0.0, 1.0], "fov": 50.0, "aspect": 1.0}, {"camera_to_world": [0.6684662131730874, 0.4109618117267694, -0.6198897572538877, -0.5510680803510877, -0.743673979665172, 0.3806474801061544, -0.5495966774442873, -0.4268841396543713, 0.010096227760790943, 0.8283826924743696, 0.5600715855976949, 0.13704328409654107, 0.0, 0.0, 0.0, 1.0], "fov": 50.0, "aspect": 1.0}, {"camera_to_world": [0.6573814655198909, 0.41782033625237347, -0.6271170348546387, -0.5570497585698961, -0.7534874579083325, 0.3758439939797975, -0.539442251741697, -0.4177834176898, 0.010308228061081726, 0.8271441584169394, 0.5618952585944941, 0.13942889936715347, 0.0, 0.0, 0.0, 1.0], "fov": 50.0, "aspect": 1.0}, {"camera_to_world": [0.645690189601355, 0.424904608404716, -0.6344605998870231, -0.5632021859288214, -0.7635272766265268, 0.370686616227614, -0.5287887389090288, -0.4081522885296077, 0.010501280866898166, 0.8258616750438034, 0.5637749699960064, 0.14188526805352264, 0.0, 0.0, 0.0, 1.0], "fov": 50.0, "aspect": 1.0}, {"camera_to_world": [0.6334001241920748, 0.4321876719297595, -0.6418863598063125, -0.5695144871541193, -0.7737507362235314, 0.36517508540422555, -0.5176455884034555, -0.39801488491429193, 0.010680864525277667, 0.8245368234542053, 0.5657074737892734, 0.14440819316876138, 0.0, 0.0, 0.0, 1.0], "fov": 50.0, "aspect": 1.0}, {"camera_to_world": [0.6205202803737582, 0.4396424706572911, -0.6493605159225693, -0.5759757869720457, -0.7841153032045151, 0.35930989821121184, -0.5060233080876213, -0.38739533958435024, 0.010852323500700867, 0.8231712428418532, 0.5676894679601118, 0.14699347772598248, 0.0, 0.0, 0.0, 1.0], "fov": 50.0, "aspect": 1.0}, {"camera_to_world": [0.607061064595531, 0.4472419282764393, -0.6568496947123542, -0.5825752101088562, -0.7945787593474618, 0.3530924044757849, -0.49393354724634503, -0.37631778528028026, 0.011020845974293425, 0.8217666405331145, 0.5697175874597253, 0.1496369247382988, 0.0, 0.0, 0.0, 1.0], "fov": 50.0, "aspect": 1.0}, {"camera_to_world": [0.5930343853319007, 0.45495903157349515, -0.6643210800537059, -0.5893018812908064, -0.8050993537670489, 0.34652489273801557, -0.4813891661398159, -0.3648063547425796, 0.011191442172270194, 0.8203248004922283, 0.5717883990773951, 0.15233433721882306, 0.0, 0.0, 0.0, 1.0], "fov": 50.0, "aspect": 1.0}, {"camera_to_world": [0.5784537429882264, 0.46276691684105964, -0.6717425458464953, -0.5961449252441523, -0.8156359572762396, 0.3396106661293838, -0.4684042918774639, -0.3528851807117458, 0.011368923475122528, 0.8188475902929532, 0.5738983981946986, 0.15508151818066815, 0.0, 0.0, 0.0, 1.0], "fov": 50.0, "aspect": 1.0}, {"camera_to_world": [0.5633343028057607, 0.470638959074965, -0.6790827883867923, -0.6030934666951494, -0.8261482183224805, 0.3323541082731938, -0.4549943604887001, -0.34057839592827643, 0.011557882372585093, 0.8173369665656653, 0.5760440073816391, 0.15787427063694687, 0.0, 0.0, 0.0, 1.0], "fov": 50.0, "aspect": 1.0}, {"camera_to_world": [0.5476929506270654, 0.4785488634911075, -0.6863114577834091, -0.6101366303700536, -0.8365967196620512, 0.3247607389907756, -0.44117614516297265, -0.32791013313266915, 0.011762673340447838, 0.8157949789386635, 0.5782215767803476, 0.160708397600772, 0.0, 0.0, 0.0, 1.0], "fov": 50.0, "aspect": 1.0}, {"camera_to_world": [0.5315483314972647, 0.4864707588188868, -0.6933992876378301, -0.6172635409951207, -0.846943134838585, 0.31683725965618154, -0.42696777073141196, -0.31490452506542155, 0.011987394723799949, 0.8142237725022143, 0.5804273862077822, 0.16357970208525635, 0.0, 0.0, 0.0, 1.0], "fov": 50.0, "aspect": 1.0}, {"camera_to_world": [0.5149208711963, 0.494379291761909, -0.700318222155783, -0.6244633232966061, -0.8571503834507463, 0.3085915881058466, -0.41238871456497184, -0.30158570446703115, 0.012235871717281244, 0.812625588833692, 0.582657648895141, 0.16648398710351278, 0.0, 0.0, 0.0, 1.0], "fov": 50.0, "aspect": 1.0}, {"camera_to_world": [0.49783278092104205, 0.5022497219604448, -0.7070415398200289, -0.6317251020007659, -0.8671827841300289, 0.3000328830778824, -0.3974597941684984, -0.28797780407799556, 0.012511640536444602, 0.811002765631924, 0.5849085167686117, 0.16941705566865403, 0.0, 0.0, 0.0, 1.0], "fov": 50.0, "aspect": 1.0}, {"camera_to_world": [0.4803080454625546, 0.5100580167442343, -0.7135439727296973, -0.6390380018338556, -0.8770062041029734, 0.29117155822761703, -0.3822031418554736, -0.2741049566388124, 0.01281793387541219, 0.8093577350184773, 0.5871760871637449, 0.17237471079379296, 0.0, 0.0, 0.0, 1.0], "fov": 50.0, "aspect": 1.0}, {"camera_to_world": [0.4623723953516273, 0.5177809449288442, -0.7198018207016371, -0.6463911475221311, -0.8865882041829318, 0.28201928584093566, -0.36664216699317687, -0.2599912948899793, 0.013157667744794654, 0.8076930205730156, 0.5894564108542342, 0.17535275549204238, 0.0, 0.0, 0.0, 1.0], "fov": 50.0, "aspect": 1.0}, {"camera_to_world": [0.4440532635733339, 0.5253961688841569, -0.7257930592336371, -0.6537736637918481, -0.8958981780248529, 0.2725889904439333, -0.3508015064113983, -0.24566095157199372, 0.01353342978037142, 0.8060112331789229, 0.5917455012653429, 0.17834699277651506, 0.0, 0.0, 0.0, 1.0], "fov": 50.0, "aspect": 1.0}, {"camera_to_world": [0.42537972757732906, 0.5328823340896969, -0.7314974404475754, -0.6611746753692621, -0.9049074844821059, 0.26289483258550067, -0.33470696366838426, -0.23113805942535331, 0.013947469107503663, 0.8043150657640067, 0.5940393447327684, 0.18135322566032386, 0.0, 0.0, 0.0, 1.0], "fov": 50.0, "aspect": 1.0}, {"camera_to_world": [0.4063824374331697, 0.5402191553883601, -0.736896586162104, -0.6685833069806291, -0.9135895719267321, 0.2529521831476116, -0.31838543796409374, -0.21644675119055576, 0.014401687838810517, 0.8026072870291823, 0.5963339116594404, 0.18436725715658153, 0.0, 0.0, 0.0, 1.0], "fov": 50.0, "aspect": 1.0}, {"camera_to_world": [0.3870935310975212, 0.5473874991575054, -0.7419740722886106, -0.6759886833522049, -0.9219200934329976, 0.24277758861523946, -0.30186484358179655, -0.2016111596080985, 0.014897634273447091, 0.8008907342654561, 0.5986251684157566, 0.18738489027840094, 0.0, 0.0, 0.0, 1.0], "fov": 50.0, "aspect": 1.0}, {"camera_to_world": [0.3675465378710594, 0.5543694606339649, -0.7467155038000786, -0.6833799292102449, -0.9298770117778754, 0.2323887278129173, -0.2851740208233264, -0.18665541741847919, 0.015436497855635445, 0.7991683053662106, 0.6009090898231213, 0.19040192803889489, 0.0, 0.0, 0.0, 1.0], "fov": 50.0, "aspect": 1.0}, {"camera_to_world": [0.34777627122562427, 0.5611484356568912, -0.7511085795890131, -0.6907461692810052, -0.9374406932800312, 0.22180436068687903, -0.2683426394797136, -0.17160365736219538, 0.01601910593808853, 0.7974429501476007, 0.6031816720564672, 0.19341417345117612, 0.0, 0.0, 0.0, 1.0], "fov": 50.0, "aspect": 1.0}, {"camera_to_world": [0.32781871227523873, 0.5677091861289028, -0.7551431466066967, -0.6980765282907412, -0.9445939895797699, 0.2110442697794237, -0.25140109594638493, -0.15648001217974486, 0.01664592238291024, 0.7957176610947684, 0.6054389457987432, 0.19641742952835756, 0.0, 0.0, 0.0, 1.0], "fov": 50.0, "aspect": 1.0}, {"camera_to_world": [0.3077108852466163, 0.5740378985409831, -0.7588112427602769, -0.7053601309657089, -0.9513223065547567, 0.20012919510463356, -0.23438040514963898, -0.14130861461162486, 0.01731704801867784, 0.793995463655444, 0.607676989479193, 0.1994074992835519, 0.0, 0.0, 0.0, 1.0], "fov": 50.0, "aspect": 1.0}, {"camera_to_world": [0.2874907263744729, 0.5801222349592718, -0.7621071281352363, -0.7125861020321639, -0.9576136596685905, 0.18908076319087885, -0.2173120884978188, -0.12611359739833333, 0.01803222295799778, 0.7922794062052947, 0.6098919424276555, 0.20238018572987201, 0.0, 0.0, 0.0, 1.0], "fov": 50.0, "aspect": 1.0}, {"camera_to_world": [0.26719694770331104, 0.5859513759312622, -0.7650273042070426, -0.719743566216362, -0.9634587151597058, 0.1779214111047993, -0.20022805910582586, -0.11091909328036756, 0.018790830765112954, 0.7905725498110454, 0.6120800177790638, 0.20533129188043073, 0.0, 0.0, 0.0, 1.0], "fov": 50.0, "aspect": 1.0}, {"camera_to_world": [0.2468688973194123, 0.5915160548340236, -0.7675705208056718, -0.7268216482445589, -0.968850816594785, 0.1666743063128724, -0.1831605055647677, -0.09574923499822541, 0.019591904448419017, 0.7888779579178996, 0.6142375149658059, 0.20825662074834078, 0.0, 0.0, 0.0, 1.0], "fov": 50.0, "aspect": 1.0}, {"camera_to_world": [0.2265464175639228, 0.5968085832567808, -0.7697377706985589, -0.7338094728430102, -0.9737859964319088, 0.15536326326961436, -0.16614177553924014, -0.08062815529240419, 0.020434134238266344, 0.7871986860870964, 0.6163608316405915, 0.21115197534671504, 0.0, 0.0, 0.0, 1.0], "fov": 50.0, "aspect": 1.0}, {"camera_to_world": [0.2062697027895769, 0.6018228670833357, -0.7715322717597062, -0.7406961647379718, -0.9782629723620886, 0.14401265764530025, -0.14920426047277968, -0.0655799869034018, 0.02131587709645416, 0.7855377719075838, 0.6184464748788514, 0.2140131586886663, 0.0, 0.0, 0.0, 1.0], "fov": 50.0, "aspect": 1.0}, {"camera_to_world": [0.1860791582196072, 0.606554413015234, -0.7729594367934368, -0.7474708486556997, -0.9822831283215441, 0.13264733912047277, -0.13238028266739316, -0.050628862571715505, 0.022235167890597096, 0.7838982252027382, 0.6204910715174504, 0.21683597378730743, 0.0, 0.0, 0.0, 1.0], "fov": 50.0, "aspect": 1.0}, {"camera_to_world": [0.16601526144754652, 0.6110003253529952, -0.7740268311790213, -0.7541226493224491, -0.9858504801891177, 0.12129254367905629, -0.11570198597582826, -0.03579891503784296, 0.02318973215432435, 0.7822830186488766, 0.6224913774954736, 0.21961622365575115, 0.0, 0.0, 0.0, 1.0], "fov": 50.0, "aspect": 1.0}, {"camera_to_world": [0.1461184280812151, 0.6151592929289234, -0.7747441185954638, -0.7606406914644761, -0.9889716263015222, 0.10997380632648623, -0.09920123130580127, -0.021114277042282036, 0.024177000343246602, 0.7806950789170198, 0.6244442860729459, 0.2223497113071103, 0.0, 0.0, 0.0, 1.0], "fov": 50.0, "aspect": 1.0}, {"camera_to_world": [0.12642888298342447, 0.6190315661597664, -0.7751229951726049, -0.7670140998080361, -0.9916556830318094, 0.09871687514379912, -0.08290949808410963, -0.006599081325530154, 0.025194123487015052, 0.7791372784430418, 0.6263468348144587, 0.22503223975449765, 0.0, 0.0, 0.0, 1.0], "fov": 50.0, "aspect": 1.0}, {"camera_to_world": [0.10698653849648199, 0.6226189242595882, -0.7751771124938961, -0.7732319990793852, -0.9939142057816107, 0.0875476275632705, -0.06685779276608905, 0.007722539371915272, 0.026237990129794442, 0.7776124279240119, 0.6281962112366426, 0.22765961201102608, 0.0, 0.0, 0.0, 1.0], "fov": 50.0, "aspect": 1.0}, {"camera_to_world": [0.08783088095804503, 0.625924632721529, -0.7749219899464415, -0.7792835140047789, -0.9957610958336957, 0.07649198971602156, -0.05107656540294786, 0.021826452309556377, 0.027305244445184784, 0.7761232696303486, 0.6299897570310851, 0.23022763108980843, 0.0, 0.0, 0.0, 1.0], "fov": 50.0, "aspect": 1.0}, {"camera_to_world": [0.06900086672316874, 0.6289533912405929, -0.7743749169739484, -0.7851577693104732, -0.997212493596582, 0.0655758596574475, -0.03559563519694314, 0.035688524746895746, 0.02839230540725085, 0.774672471614388, 0.6317249707875389, 0.23273210000395742, 0.0, 0.0, 0.0, 1.0], "fov": 50.0, "aspect": 1.0}, {"camera_to_world": [0.05053482880251381, 0.6317112723071743, -0.7735548458370305, -0.7908438897227235, -0.9982866588458965, 0.05482503522271931, -0.020444125883109066, 0.04928462394343578, 0.029495386896893572, 0.7732626228862216, 0.633399509155891, 0.23516882176658588, 0.0, 0.0, 0.0, 1.0], "fov": 50.0, "aspect": 1.0}, {"camera_to_world": [0.03247039511066585, 0.6342056507519291, -0.7724822755220212, -0.7963309999677857, -0.9990038386267701, 0.04426514720246122, -0.0056504116772992385, 0.0625906171586788, 0.030610518622456784, 0.7718962296173411, 0.6350111863992614, 0.23753359939080668, 0.0, 0.0, 0.0, 1.0], "fov": 50.0, "aspect": 1.0}, {"camera_to_world": [0.01484441919254098, 0.6364451245659369, -0.7711791274633184, -0.8016082247719154, -0.9993861235266538, 0.0339215984585679, 0.008757925575367642, 0.07558237165212729, 0.03173356773519359, 0.7705757124217352, 0.63655797230459, 0.23982223588973248, 0.0, 0.0, 0.0, 1.0], "fov": 50.0, "aspect": 1.0}, {"camera_to_world": [-0.002307075838855366, 0.63843942735534, -0.7696686137548157, -0.8066646888613687, -0.9994572930578383, 0.023819509522664095, 0.02275412752883177, 0.08823575468328357, 0.032860261024106385, 0.7693034047528229, 0.638037988431051, 0.24203053427647622, 0.0, 0.0, 0.0, 1.0], "fov": 50.0, "aspect": 1.0}, {"camera_to_world": [-0.018948939562348444, 0.6401993328162319, -0.7679750985228062, -0.811489516962401, -0.9992426509030468, 0.01398367113550536, 0.03631227833427808, 0.10052663351165014, 0.03398620758064236, 0.7680815524429848, 0.639449502690447, 0.24415429756415072, 0.0, 0.0, 0.0, 1.0], "fov": 50.0, "aspect": 1.0}, {"camera_to_world": [-0.035046922263939906, 0.6417365516332022, -0.7661239531157815, -0.8160718338012682, -0.9987688507754541, 0.004438504095369278, 0.049407311220856065, 0.11243087539672958, 0.03510692183180575, 0.7669123144006245, 0.6407909222672972, 0.2461893287658688, 0.0, 0.0, 0.0, 1.0], "fov": 50.0, "aspect": 1.0}, {"camera_to_world": [-0.05056768841928205, 0.643063621213382, -0.7641414057357854, -0.8204007641042257, -0.9980637136262684, -0.004791973312121667, 0.062015002493895965, 0.12392434759802376, 0.0362178468503086, 0.7657977644676874, 0.6420607848995451, 0.24813143089474315, 0.0, 0.0, 0.0, 1.0], "fov": 50.0, "aspect": 1.0}, {"camera_to_world": [-0.06547881551324608, 0.6441937886671527, -0.7620543860917294, -0.8244654325975297, -0.9971560368988017, -0.013684170130678908, 0.07411195290984124, 0.1349829173750358, 0.03731437786240299, 0.764739894428488, 0.6432577485536005, 0.2499764069638867, 0.0, 0.0, 0.0, 1.0], "fov": 50.0, "aspect": 1.0}, {"camera_to_world": [-0.0797487782281705, 0.6451408874368946, -0.7598903655977287, -0.8282549640074357, -0.996075396478142, -0.02221493972895061, 0.08567555651264158, 0.14558245198726744, 0.038391885887851473, 0.7637406181485799, 0.6443805795397617, 0.2517200599864121, 0.0, 0.0, 0.0, 1.0], "fov": 50.0, "aspect": 1.0}, {"camera_to_world": [-0.09334691819664986, 0.6459192079567437, -0.7576771935697425, -0.8317584830601994, -0.9948519419208572, -0.030361589015592383, 0.09668395714257694, 0.15569881869422159, 0.03944574146200508, 0.76280177681032, 0.6454281391259071, 0.2533581929754324, 0.0, 0.0, 0.0, 1.0], "fov": 50.0, "aspect": 1.0}, {"camera_to_world": [-0.10624339968102059, 0.6465433626996275, -0.7554429297923679, -0.8349651144820769, -0.9935161854704564, -0.038101880025551815, 0.10711599295507784, 0.16530788475540054, 0.040471338406985524, 0.7619251451996949, 0.6463993687187287, 0.2548866089440602, 0.0, 0.0, 0.0, 1.0], "fov": 50.0, "aspect": 1.0}, {"camera_to_world": [-0.11840915170976174, 0.6470281459336852, -0.7532156737356124, -0.8378639829993233, -0.9920987852728828, -0.04541402414330731, 0.11695112941387847, 0.17438551743030645, 0.04146411763736574, 0.761112438986993, 0.6472932736927102, 0.2563011109054084, 0.0, 0.0, 0.0, 1.0], "fov": 50.0, "aspect": 1.0}, {"camera_to_world": [-0.12981579737054472, 0.6473883884692744, -0.7510233905999237, -0.8404442133381946, -0.9906303231034235, -0.05227666934518482, 0.12616938134975914, 0.18290758397844203, 0.04241959100529419, 0.7603653229318985, 0.6481089059576433, 0.2575975018725899, 0.0, 0.0, 0.0, 1.0], "fov": 50.0, "aspect": 1.0}, {"camera_to_world": [-0.14043557113093974, 0.6476388076312365, -0.7488937342581502, -0.8426949302249469, -0.98914107680384, -0.058668880961629255, 0.1347512248035253, 0.19084995165930962, 0.04333336521050246, 0.7596854199316322, 0.6488453453657758, 0.2587715848587173, 0.0, 0.0, 0.0, 1.0], "fov": 50.0, "aspect": 1.0}, {"camera_to_world": [-0.1502412252308617, 0.6477938526401084, -0.7468538670468381, -0.8446052583858356, -0.9876607875080989, -0.06457011658116307, 0.14267749950001818, 0.19818848773241138, 0.04420116582186734, 0.7590743208187071, 0.6495016800698876, 0.2598191628769036, 0.0, 0.0, 0.0, 1.0], "fov": 50.0, "aspect": 1.0}, {"camera_to_world": [-0.15920592636657216, 0.6478675455318857, -0.7449302762381533, -0.8461643225471163, -0.986218421608979, -0.06996019584096291, 0.14992930292970835, 0.20489905945725004, 0.045018861478892835, 0.758533594802751, 0.650076985953787, 0.2607360389402615, 0.0, 0.0, 0.0, 1.0], "fov": 50.0, "aspect": 1.0}, {"camera_to_world": [-0.16730314406499214, 0.6478733176904365, -0.7431485868995216, -0.8473612474350449, -0.9848419272884485, -0.07481926597452992, 0.15648787714646567, 0.21095753409332801, 0.045782488363383056, 0.7580648004384716, 0.6505703052671841, 0.26151801606190384, 0.0, 0.0, 0.0, 1.0], "fov": 50.0, "aspect": 1.0}, {"camera_to_world": [-0.17450653233047853, 0.6478238420113258, -0.7415333707229073, -0.8481851577758771, -0.9835579853046552, -0.07912776411520084, 0.16233448952572294, 0.2163397789001476, 0.04648827505338926, 0.7576694969891649, 0.6509806246077884, 0.2621608972549434, 0.0, 0.0, 0.0, 1.0], "fov": 50.0, "aspect": 1.0}, {"camera_to_world": [-0.18143834272330195, 0.6477255849635473, -0.7399538461103181, -0.8487174210364327, -0.9822700697323077, -0.08327132038067608, 0.1679624878064928, 0.22157996629581517, 0.047176666880027474, 0.7573093514447643, 0.6513500658757942, 0.26271243557208346, 0.0, 0.0, 0.0, 1.0], "fov": 50.0, "aspect": 1.0}, {"camera_to_world": [-0.18872869240739343, 0.6475740911482876, -0.738260981723716, -0.8490493293389108, -0.9808608418828407, -0.0876428037534186, 0.17386991634875987, 0.22721852084574984, 0.04789039071755924, 0.7569455300242609, 0.6517207799765251, 0.2632238453658638, 0.0, 0.0, 0.0, 1.0], "fov": 50.0, "aspect": 1.0}, {"camera_to_world": [-0.1963630044615099, 0.6473649644422954, -0.7364510664609526, -0.8491848943926377, -0.9793246487086058, -0.09223363827984132, 0.1800449621662023, 0.2332406880304229, 0.048629239255975065, 0.7565788516620648, 0.652091740713756, 0.26369612159915223, 0.0, 0.0, 0.0, 1.0], "fov": 50.0, "aspect": 1.0}, {"camera_to_world": [-0.20432657776955143, 0.6470938138520288, -0.7345204188389997, -0.8491281279069389, -0.9776558613160609, -0.09703515945054986, 0.18647572138151886, 0.23963171333030528, 0.0493929797778484, 0.7562101387212701, 0.6524619219876534, 0.2641302592348165, 0.0, 0.0, 0.0, 1.0], "fov": 50.0, "aspect": 1.0}, {"camera_to_world": [-0.21260458950759975, 0.6467562832323905, -0.7324654248629955, -0.8488830415911404, -0.9758489229554661, -0.10203861259555613, 0.19315020348482792, 0.24637684222586836, 0.0501813519841926, 0.7558402156798734, 0.6528302997518122, 0.2645272532357243, 0.0, 0.0, 0.0, 1.0], "fov": 50.0, "aspect": 1.0}, {"camera_to_world": [-0.22118209885027806, 0.6463480800496914, -0.7302825744629705, -0.8484536471545677, -0.9738983953062889, -0.10723515213928392, 0.20005633647925408, 0.2534613201975833, 0.050994066007936545, 0.755469907780411, 0.6531958539903904, 0.2648880985647435, 0.0, 0.0, 0.0, 1.0], "fov": 50.0, "aspect": 1.0}, {"camera_to_world": [-0.2300440519592697, 0.6458650031654997, -0.7279684964640917, -0.8478439563065473, -0.9717990030172176, -0.11261584175757566, 0.2071819729609093, 0.2608703927259214, 0.05183080061993184, 0.7551000396445904, 0.653557570712661, 0.26521379018474184, 0.0, 0.0, 0.0, 1.0], "fov": 50.0, "aspect": 1.0}, {"camera_to_world": [-0.23917528830006796, 0.6453029696155946, -0.7255199920552668, -0.8470579807564047, -0.9695456764573674, -0.11817165546877895, 0.21451489716705924, 0.26858930529135355, 0.05269120163182106, 0.7547314338551583, 0.6539144439615412, 0.265505323058587, 0.0, 0.0, 0.0, 1.0], "fov": 50.0, "aspect": 1.0}, {"camera_to_world": [-0.24856054831675878, 0.644658040356046, -0.7229340667203163, -0.8460997322134656, -0.9671335926333755, -0.12389347968109676, 0.22204283301329464, 0.27660330337435113, 0.053574880499469124, 0.7543649095078669, 0.6542654778319389, 0.26576369214914686, 0.0, 0.0, 0.0, 1.0], "fov": 50.0, "aspect": 1.0}, {"camera_to_world": [-0.25818448247889336, 0.6439264449466969, -0.7202079605956984, -0.8449732223870559, -0.9645582142257995, -0.1297721162087826, 0.229753453127981, 0.2848976324553853, 0.05448141313001309, 0.754001280736978, 0.6546096884941085, 0.2659898924192891, 0.0, 0.0, 0.0, 1.0], "fov": 50.0, "aspect": 1.0}, {"camera_to_world": [-0.2680316616993431, 0.6431046051409197, -0.7173391772189994, -0.8436824629865016, -0.9618153266975127, -0.13579828626046664, 0.23763438888022437, 0.2934575380149274, 0.05541033889488728, 0.7536413552182911, 0.6549461062166042, 0.26618491883188156, 0.0, 0.0, 0.0, 1.0], "fov": 50.0, "aspect": 1.0}, {"camera_to_world": [-0.27808658910739414, 0.6421891573495784, -0.7143255106331106, -0.8422314657211285, -0.9589010734267245, -0.14196263539385734, 0.24567324138600566, 0.3022682655334483, 0.05636115985047935, 0.7532859326541745, 0.6552737773828885, 0.2663497663497919, 0.0, 0.0, 0.0, 1.0], "fov": 50.0, "aspect": 1.0}, {"camera_to_world": [-0.28833371314733935, 0.641176973946612, -0.711165070812209, -0.8406242423002623, -0.9558119888178462, -0.14825573942238335, 0.2538575934660937, 0.31131506049141955, 0.05733334016732383, 0.7529358032455281, 0.6555917664951791, 0.266485429935888, 0.0, 0.0, 0.0, 1.0], "fov": 50.0, "aspect": 1.0}, {"camera_to_world": [-0.2987574419594563, 0.6400651833836164, -0.70785630737738, -0.8388648044332291, -0.9525450293447046, -0.15466811125098157, 0.2621750225188323, 0.320583168369312, 0.0583263057679666, 0.7525917461560098, 0.6558991581587141, 0.2665929045530375, 0.0, 0.0, 0.0, 1.0], "fov": 50.0, "aspect": 1.0}, {"camera_to_world": [-0.30934215898754724, 0.6388511890812194, -0.7043980315719478, -0.8369571638293545, -0.9490976024825788, -0.1611902086102357, 0.2706131142609488, 0.33005783464759697, 0.05933944417285736, 0.7522545279742093, 0.6561950590392737, 0.26667318516410826, 0.0, 0.0, 0.0, 1.0], "fov": 50.0, "aspect": 1.0}, {"camera_to_world": [-0.3200722397452018, 0.6375326870659325, -0.7007894364693161, -0.8349053321979645, -0.945467593488193, -0.16781244265044104, 0.27915947728016927, 0.3397243048067457, 0.060372104552805284, 0.7519249011797549, 0.6564785997865283, 0.266727266731968, 0.0, 0.0, 0.0, 1.0], "fov": 50.0, "aspect": 1.0}, {"camera_to_world": [-0.3309320696616571, 0.6361076823225238, -0.6970301153893705, -0.8327133212483847, -0.9416533899901487, -0.17452518734994182, 0.28780175833467136, 0.3495678243272293, 0.061423597985733436, 0.7516036026195821, 0.6567489369155859, 0.26675614421948446, 0.0, 0.0, 0.0, 1.0], "fov": 50.0, "aspect": 1.0}, {"camera_to_world": [-0.3419060629176275, 0.6345745038337642, -0.6931200785032121, -0.8303851426899413, -0.9376539043562775, -0.18131878968530668, 0.29652765832630823, 0.35957363868951886, 0.06249319791461777, 0.7512913520007981, 0.6570052546389695, 0.2667608125895255, 0.0, 0.0, 0.0, 1.0], "fov": 50.0, "aspect": 1.0}, {"camera_to_world": [-0.35297868217172534, 0.6329318182816489, -0.6890597676101822, -0.8279248082319601, -0.9334685938090378, -0.18818358050451722, 0.30532494886706796, 0.369726993374086, 0.06358014080269025, 0.7509888504067062, 0.6572467666412093, 0.2667422668049588, 0.0, 0.0, 0.0, 1.0], "fov": 50.0, "aspect": 1.0}, {"camera_to_world": [-0.3641344590691853, 0.631178642386874, -0.6848500690757464, -0.8253363295837666, -0.9290974782653093, -0.19510988603846158, 0.3141814893514605, 0.3800131338614014, 0.06468362698113966, 0.750696778842644, 0.6574727177882314, 0.26670150182865215, 0.0, 0.0, 0.0, 1.0], "fov": 50.0, "aspect": 1.0}, {"camera_to_world": [-0.37535801541657765, 0.6293143538664131, -0.6804923249238215, -0.822623718454687, -0.9245411558827369, -0.20208803998062763, 0.3230852444414659, 0.3904173056319365, 0.06580282168373791, 0.7504157968183293, 0.657682385763805, 0.2666395126234733, 0.0, 0.0, 0.0, 1.0], "fov": 50.0, "aspect": 1.0}, {"camera_to_world": [-0.3866340848989631, 0.6273387009924731, -0.6759883420824787, -0.8197909865540467, -0.9198008163010623, -0.20910839605995146, 0.3320243018652915, 0.4009247541661626, 0.06693685626201196, 0.7501465409733696, 0.6578750826254538, 0.26655729415229, 0.0, 0.0, 0.0, 1.0], "fov": 50.0, "aspect": 1.0}, {"camera_to_world": [-0.3979475352096902, 0.6252518107398859, -0.6713403997876384, -0.8168421455911721, -0.9148782515736396, -0.21616134102742535, 0.3409868904265757, 0.4115207249445505, 0.06808482957379564, 0.7498896237525353, 0.6580501562724442, 0.26645584137797, 0.0, 0.0, 0.0, 1.0], "fov": 50.0, "aspect": 1.0}, {"camera_to_world": [-0.40928339045763784, 0.6230541955130555, -0.6665512551552808, -0.8137812072753887, -0.9097758647914513, -0.2232373079732043, 0.3499613981167695, 0.42219046344757166, 0.06924580953724274, 0.7496456321372493, 0.6582069918187406, 0.2663361492633812, 0.0, 0.0, 0.0, 1.0], "fov": 50.0, "aspect": 1.0}, {"camera_to_world": [-0.4206268537122435, 0.6207467584479122, -0.6616241469388404, -0.8106121833160224, -0.9044966764094174, -0.23032678988765032, 0.3589363902202839, 0.4329192151556974, 0.07041883484165806, 0.7494151264395853, 0.6583450128641393, 0.2661992127713912, 0.0, 0.0, 0.0, 1.0], "fov": 50.0, "aspect": 1.0}, {"camera_to_world": [-0.4319633295431593, 0.6183307972888703, -0.6565627974947241, -0.8073390854223991, -0.8990443282924865, -0.2374203533770457, 0.3679006272995885, 0.4436922255493986, 0.07160291680581099, 0.7491986391648272, 0.6584636826571919, 0.2660460268648678, 0.0, 0.0, 0.0, 1.0], "fov": 50.0, "aspect": 1.0}, {"camera_to_world": [-0.4432784464087729, 0.61580800684549, -0.6513714129852566, -0.8039659253038446, -0.8934230855068902, -0.24450865244251618, 0.37684308294579705, 0.45449474010914664, 0.07279704137375814, 0.7489966739483761, 0.658562505143967, 0.2658775865066788, 0.0, 0.0, 0.0, 1.0], "fov": 50.0, "aspect": 1.0}, {"camera_to_world": [-0.4545580787461725, 0.6131804800384044, -0.6460546818547643, -0.8004967146696848, -0.8876378358899499, -0.2515824422291254, 0.38575296117934765, 0.46531200431541253, 0.07400017123760622, 0.7488097045724641, 0.6586410258971909, 0.265694886659692, 0.0, 0.0, 0.0, 1.0], "fov": 50.0, "aspect": 1.0}, {"camera_to_world": [-0.4657883686144402, 0.610450707548957, -0.6406177716208596, -0.7969354652292455, -0.8816940874398181, -0.2586325926511035, 0.3946197133852219, 0.4761292636486674, 0.07521124807609986, 0.7486381740677843, 0.6586988329208496, 0.2654989222867751, 0.0, 0.0, 0.0, 1.0], "fov": 50.0, "aspect": 1.0}, {"camera_to_world": [-0.476955746743319, 0.6076215760919599, -0.6350663240292669, -0.7932861886918525, -0.875597963574523, -0.26565010179871873, 0.40343305466765955, 0.48693176358938306, 0.07642919489744437, 0.748482493904736, 0.6587355573259086, 0.26529068835079583, 0.0, 0.0, 0.0, 1.0], "fov": 50.0, "aspect": 1.0}, {"camera_to_world": [-0.4880469528403948, 0.6046963653358726, -0.6294064486266325, -0.7895528967668317, -0.8693561963174945, -0.27262610903244333, 0.41218297951056626, 0.4977047496180299, 0.07765291847434241, 0.7483430432785587, 0.658750873873426, 0.265071179814622, 0.0, 0.0, 0.0, 1.0], "fov": 50.0, "aspect": 1.0}, {"camera_to_world": [-0.4990490550119001, 0.6016787434995581, -0.623644714811664, -0.7857396011635089, -0.8629761174743775, -0.2795519076707593, 0.42085977663170415, 0.5084334672150795, 0.07888131185888098, 0.7482201684921568, 0.6587445013819776, 0.26484139164112136, 0.0, 0.0, 0.0, 1.0], "fov": 50.0, "aspect": 1.0}, {"camera_to_world": [-0.5099494681550225, 0.5985727616594596, -0.6177881424305405, -0.78185031359121, -0.8564656478732429, -0.2864189571791871, 0.4294540429213046, 0.5191031618610031, 0.08011325696460303, 0.7481141824399234, 0.6587162029969875, 0.26460231879316176, 0.0, 0.0, 0.0, 1.0], "fov": 50.0, "aspect": 1.0}, {"camera_to_world": [-0.5207359711832302, 0.5953828468055908, -0.6118441909878106, -0.7778890457592609, -0.8498332847472592, -0.2932188947699039, 0.437956696358898, 0.5296990790362719, 0.08134762720290067, 0.7480253641953502, 0.6586657863202487, 0.2643549562336108, 0.0, 0.0, 0.0, 1.0], "fov": 50.0, "aspect": 1.0}, {"camera_to_world": [-0.5313967229504825, 0.592113793689025, -0.6058207475488768, -0.7738598093769873, -0.8430880873453975, -0.2999435463236041, 0.44635898780589167, 0.5402064642213569, 0.08258329016071292, 0.7479539587046863, 0.6585931033986161, 0.2641002989253364, 0.0, 0.0, 0.0, 1.0], "fov": 50.0, "aspect": 1.0}, {"camera_to_world": [-0.5419202767452833, 0.588770755507599, -0.5997261134145542, -0.769766616153715, -0.8362396608626926, -0.3065849365480351, 0.45465251157569375, 0.5506105628967293, 0.08381911030644779, 0.7479001765883256, 0.658498050571592, 0.2638393418312063, 0.0, 0.0, 0.0, 1.0], "fov": 50.0, "aspect": 1.0}, {"camera_to_world": [-0.5522955932313047, 0.5853592334802733, -0.5935689896521444, -0.7656134777987701, -0.8292981387870184, -0.3131352982908936, 0.462829214687945, 0.5608966205428603, 0.08505395171106367, 0.7478641940510721, 0.6583805681782174, 0.2635730799140881, 0.0, 0.0, 0.0, 1.0], "fov": 50.0, "aspect": 1.0}, {"camera_to_world": [-0.5625120517176885, 0.58188506536391, -0.5873584615707813, -0.7614044060214782, -0.8222741637640243, -0.3195870809284598, 0.4708814047186416, 0.5710498826402214, 0.08628668077131962, 0.7478461529018281, 0.6582406401244183, 0.26330250813684974, 0.0, 0.0, 0.0, 1.0], "fov": 50.0, "aspect": 1.0}, {"camera_to_world": [-0.5725594596490555, 0.5783544129692029, -0.5811039822316059, -0.7571434125311652, -0.8151788670859494, -0.3259329577554211, 0.4788017561635203, 0.581055594669283, 0.08751616892237526, 0.747846160682698, 0.6580782933126563, 0.26302862146235895, 0.0, 0.0, 0.0, 1.0], "fov": 50.0, "aspect": 1.0}, {"camera_to_world": [-0.582428060212735, 0.5747737487349768, -0.5748153550854158, -0.7528345090371571, -0.8080238469132529, -0.3321658323058565, 0.48658331523806464, 0.5908990021105172, 0.08874129532714181, 0.7478642909069128, 0.6578935969364359, 0.26275241485348344, 0.0, 0.0, 0.0, 1.0], "fov": 50.0, "aspect": 1.0}, {"camera_to_world": [-0.5921085379685573, 0.5711498414221045, -0.5685027158318967, -0.7484817072487796, -0.8008211453404427, -0.33827884354010884, 0.49421950304372664, 0.6005653504443946, 0.08996094953011055, 0.7479005834044197, 0.6576866616428902, 0.26247488327309104, 0.0, 0.0, 0.0, 1.0], "fov": 50.0, "aspect": 1.0}, {"camera_to_world": [-0.6015920224148428, 0.5674897409898081, -0.5621765135952765, -0.7440890188753585, -0.7935832244190675, -0.3442653698374396, 0.501704117036453, 0.6100398851513867, 0.09117403406373684, 0.7479550447734219, 0.6574576385673323, 0.26219702168404946, 0.0, 0.0, 0.0, 1.0], "fov": 50.0, "aspect": 1.0}, {"camera_to_world": [-0.6108700894127829, 0.5638007627180889, -0.5558474915112239, -0.7396604556262197, -0.7863229412514726, -0.35011903173973313, 0.5090313307403239, 0.6193078517119647, 0.09237946699592914, 0.748027648935608, 0.6572067182442788, 0.26191982504922645, 0.0, 0.0, 0.0, 1.0], "fov": 50.0, "aspect": 1.0}, {"camera_to_world": [-0.6199347604002087, 0.5600904706404576, -0.5495266668190786, -0.735200029210689, -0.7790535222686804, -0.3558336933971459, 0.5161956916558957, 0.6283544956065997, 0.09357618440767163, 0.7481183377922885, 0.6569341294000524, 0.26164428833148984, 0.0, 0.0, 0.0, 1.0], "fov": 50.0, "aspect": 1.0}, {"camera_to_world": [-0.628778499334758, 0.5563666603509678, -0.5432253105519298, -0.7307117513380924, -0.7717885368044906, -0.3614034626724195, 0.5231921173197936, 0.6371650623157625, 0.09476314279039749, 0.7482270219781534, 0.6566401376326235, 0.2613714064937073, 0.0, 0.0, 0.0, 1.0], "fov": 50.0, "aspect": 1.0}, {"camera_to_world": [-0.6373942073155503, 0.5526373412488135, -0.5369549269147496, -0.7261996337177556, -0.7645418700756961, -0.36682268986655175, 0.5300158894790092, 0.6457247973199248, 0.09593932135333855, 0.7483535817088807, 0.6563250439848769, 0.2611021744987467, 0.0, 0.0, 0.0, 1.0], "fov": 50.0, "aspect": 1.0}, {"camera_to_world": [-0.645775214841666, 0.5489107182823808, -0.5307272324376444, -0.7216676880590045, -0.757327695675078, -0.37208596503462965, 0.5366626463503168, 0.6540189460995578, 0.09710372423175667, 0.7484978677183853, 0.6559891834179535, 0.26083758730947576, 0.0, 0.0, 0.0, 1.0], "fov": 50.0, "aspect": 1.0}, {"camera_to_world": [-0.6539152716749181, 0.5451951732526678, -0.5245541349873357, -0.7171199260711649, -0.7501604476796074, -0.37718811386684026, 0.5431283729420759, 0.6620327541351323, 0.09825538258766958, 0.7486597022810628, 0.6556329231917668, 0.26057863988876223, 0.0, 0.0, 0.0, 1.0], "fov": 50.0, "aspect": 1.0}, {"camera_to_world": [-0.6618085342834952, 0.5414992457333948, -0.5184477127152717, -0.7125603594635627, -0.7430547924710672, -0.3821241921158842, 0.5494093894224621, 0.6697514669071198, 0.09939335659545703, 0.7488388803140151, 0.6552566611601447, 0.26032632719947385, 0.0, 0.0, 0.0, 1.0], "fov": 50.0, "aspect": 1.0}, {"camera_to_world": [-0.6694495508521396, 0.5378316136618986, -0.5124201930151734, -0.7079929999455238, -0.7360256003600181, -0.38688947855835876, 0.5555023375247998, 0.6771603298959912, 0.10051673730550584, 0.74903517055388, 0.6548608239884075, 0.26008164420447843, 0.0, 0.0, 0.0, 1.0], "fov": 50.0, "aspect": 1.0}, {"camera_to_world": [-0.6768332438533644, 0.5342010736510894, -0.5064839315565268, -0.7034218592263738, -0.7290879170968325, -0.39147946648391097, 0.5614041649871111, 0.6842445885822181, 0.10162464837988544, 0.7492483168025783, 0.6544458653014535, 0.2598455858666437, 0.0, 0.0, 0.0, 1.0], "fov": 50.0, "aspect": 1.0}, {"camera_to_world": [-0.6839548901829501, 0.5306165210682999, -0.5006513914533786, -0.6988509490154386, -0.7222569353452509, -0.39588985371224983, 0.5671121080292504, 0.6909894884462714, 0.1027162476948785, 0.7494780392360197, 0.6540122637706542, 0.2596191471488375, 0.0, 0.0, 0.0, 1.0], "fov": 50.0, "aspect": 1.0}, {"camera_to_world": [-0.690810098871458, 0.5270869299218258, -0.49493512261991496, -0.6942842810220444, -0.7155479661847374, -0.40011653114431855, 0.5726236718770217, 0.6973802749686222, 0.10379072880605394, 0.7497240357695767, 0.6535605211480315, 0.2594033230139275, 0.0, 0.0, 0.0, 1