{"default_fov": 40.0, "default_transition_sec": 2.0, "keyframes": [{"matrix": [0.9835694720539115, -0.005143592766584437, -0.1804567457787079, -0.8088208198547363, -0.1802918364903654, 0.023345752031936878, -0.9833360715223433, 0.13038554191589463, 0.009270778744043903, 0.9997142188223168, 0.022034821214707616, 0.0771539568901061, 0.0, 0.0, 0.0, 1.0], "fov": 40.0, "aspect": 1.0, "override_transition_enabled": false, "override_transition_sec": null}, {"matrix": [0.9983244122005347, -0.001757268010016532, 0.05783839566929495, 0.14663996696472237, 0.057216372468848156, 0.17922669330258745, -0.9821425961281419, 0.2682894706726083, -0.008640296636283858, 0.9838062331663494, 0.1790269277429398, 0.8140365600585937, 0.0, 0.0, 0.0, 1.0], "fov": 40.0, "aspect": 1.0, "override_transition_enabled": false, "override_transition_sec": null}, {"matrix": [0.9466083276660423, 0.015929699394786223, 0.32199210964011293, 0.9917026519775407, 0.32221269922600687, -0.014012752272514643, -0.9465635843572479, -0.2536164760589586, -0.010566477690771153, 0.9997749183946062, -0.01839733943453659, -0.0753434181213371, 0.0, 0.0, 0.0, 1.0], "fov": 40.0, "aspect": 1.0, "override_transition_enabled": false, "override_transition_sec": null}, {"matrix": [0.9962855120779663, 0.02369286359804313, 0.08278784112458151, 0.17207075357437313, 0.08532589470708515, -0.1420564201824889, -0.9861741556020274, -0.3242350101470963, -0.011604745407799509, 0.9895749702268448, -0.14355036811014965, -0.7983400344848651, 0.0, 0.0, 0.0, 1.0], "fov": 40.0, "aspect": 1.0, "override_transition_enabled": false, "override_transition_sec": null}], "camera_type": "perspective", "render_height": 512.0, "render_width": 512.0, "fps": 30.0, "seconds": 10.0, "is_cycle": true, "smoothness_value": 0.0, "camera_path": [{"camera_to_world": [0.9835694720539115, -0.005143592766584437, -0.1804567457787079, -0.8088208198547363, -0.1802918364903654, 0.023345752031936878, -0.9833360715223433, 0.13038554191589463, 0.009270778744043903, 0.9997142188223168, 0.022034821214707616, 0.0771539568901061, 0.0, 0.0, 0.0, 1.0], "fov": 40.0, "aspect": 1.0}, {"camera_to_world": [0.983572349712614, -0.0050822334211721165, -0.18044279920312742, -0.8084772504932827, -0.18026865713954937, 0.02448242235559902, -0.9833126777626262, 0.13239803999633898, 0.009415101375505053, 0.9996873420720378, 0.023164066288848716, 0.08278237663499328, 0.0, 0.0, 0.0, 1.0], "fov": 40.0, "aspect": 1.0}, {"camera_to_world": [0.9836129898857046, -0.0050018248780224345, -0.18022338326641896, -0.8072909145719317, -0.18003940015872838, 0.02572763597131176, -0.9833228885456764, 0.13448325024058133, 0.009555130485253277, 0.9996564762433229, 0.024405511389694795, 0.0889079455496328, 0.0, 0.0, 0.0, 1.0], "fov": 40.0, "aspect": 1.0}, {"camera_to_world": [0.9836903442451799, -0.0049033174002133945, -0.17980340407587442, -0.805282678201294, -0.17960902395846823, 0.027077989493715333, -0.9833653344498495, 0.13663799146118275, 0.00969046704167538, 0.9996212982742269, 0.0257556767541293, 0.09551489409942618, 0.0, 0.0, 0.0, 1.0], "fov": 40.0, "aspect": 1.0}, {"camera_to_world": [0.9838032477609344, -0.004787710319867258, -0.1791877437910599, -0.8024734074919806, -0.17898246929370432, 0.028530088468846086, -0.9834385134503771, 0.13885908247070425, 0.009820660902693124, 0.999581468356558, 0.027211077479244776, 0.10258745274977499, 0.0, 0.0, 0.0, 1.0], "fov": 40.0, "aspect": 1.0}, {"camera_to_world": [0.9839504286612478, -0.004656046032193467, -0.17838126351355651, -0.7988839685546028, -0.1781646614660752, 0.030080545885622867, -0.9835408045240939, 0.14114334208170684, 0.009945217042659715, 0.9995366336430942, 0.02876822315342674, 0.11010985196608077, 0.0, 0.0, 0.0, 1.0], "fov": 40.0, "aspect": 1.0}, {"camera_to_world": [0.9841305181275882, -0.0045094041670158125, -0.17738880619696182, -0.7945352274997711, -0.1771605125657841, 0.03172598071256151, -0.9836704808701211, 0.1434875891067516, 0.010063601609435341, 0.9994864318348124, 0.030423617483164217, 0.11806632221374505, 0.0, 0.0, 0.0, 1.0], "fov": 40.0, "aspect": 1.0}, {"camera_to_world": [0.9843420597286139, -0.004348895934940325, -0.17621519955264092, -0.7894480504380967, -0.175974923728361, 0.03346301647195832, -0.9838257227514411, 0.14588864235839955, 0.01017524781160295, 0.9994304946481996, 0.03217375792828628, 0.12644109395816938, 0.0, 0.0, 0.0, 1.0], "fov": 40.0, "aspect": 1.0}, {"camera_to_world": [0.9845835185979408, -0.004175658645591357, -0.17486525892862148, -0.7836433034801906, -0.17461278738361516, 0.03528827986264024, -0.9840046299619026, 0.14834332064921174, 0.010279561635728629, 0.999368451162639, 0.034015135357157986, 0.13521839766475532, 0.0, 0.0, 0.0, 1.0], "fov": 40.0, "aspect": 1.0}, {"camera_to_world": [0.9848532903598957, -0.003990850395630421, -0.17334379014088402, -0.7771418527366638, -0.17307898947593875, 0.03719839944119061, -0.984205233922784, 0.1508484427917492, 0.010375927393492815, 0.9992999310477979, 0.035944233732152914, 0.14438246379890435, 0.0, 0.0, 0.0, 1.0], "fov": 40.0, "aspect": 1.0}, {"camera_to_world": [0.9851497098070942, -0.0037956449245574175, -0.17165559223807647, -0.7699645643181271, -0.17137841163691428, 0.039190004370512926, -0.9844255094125952, 0.15340082759857293, 0.010463713098439992, 0.9992245676708745, 0.03795752983464119, 0.15391752282601812, 0.0, 0.0, 0.0, 1.0], "fov": 40.0, "aspect": 1.0}, {"camera_to_world": [0.9854710593332928, -0.003591226636584649, -0.16980546018241682, -0.7621323043351915, -0.1695159332929309, 0.04125972324347983, -0.984663385933334, 0.15599729388224398, 0.01054227567199166, 0.9991420010834877, 0.04005149303758347, 0.16380780521149807, 0.0, 0.0, 0.0, 1.0], "fov": 40.0, "aspect": 1.0}, {"camera_to_world": [0.985815577124545, -0.0033787857871623583, -0.16779818743122554, -0.753665938898468, -0.16749643369220743, 0.04340418298842444, -0.9849167587159331, 0.1586346604553234, 0.010610965978278306, 0.9990518808879307, 0.04222258513279338, 0.1740375414207458, 0.0, 0.0, 0.0, 1.0], "fov": 40.0, "aspect": 1.0}, {"camera_to_world": [0.9861814651112824, -0.003159513833016367, -0.16563856840513802, -0.7445863341185676, -0.16532479383724757, 0.04562000786222689, -0.9851834993671597, 0.16130974613037224, 0.010669133687240442, 0.9989538689824419, 0.04446726021888977, 0.18459096191916285, 0.0, 0.0, 0.0, 1.0], "fov": 40.0, "aspect": 1.0}, {"camera_to_world": [0.986566896683514, -0.00293459894483436, -0.1633314008306231, -0.7349143561061011, -0.1630058983103428, 0.047903818535789476, -0.9854614661597522, 0.1640193697199515, 0.010716131965353787, 0.9988476421850948, 0.046781964654960706, 0.19545229717215076, 0.0, 0.0, 0.0, 1.0], "fov": 40.0, "aspect": 1.0}, {"camera_to_world": [0.9869700241709227, -0.0027052216820032254, -0.16088148794593943, -0.7246708709716796, -0.1605446369812642, 0.05025223127579572, -0.9857485139671063, 0.16676035003662223, 0.01075132199323979, 0.9987328947358525, 0.049163137084023846, 0.20660577764511107, 0.0, 0.0, 0.0, 1.0], "fov": 40.0, "aspect": 1.0}, {"camera_to_world": [0.9873889860892205, -0.0024725508290548287, -0.15829364056113784, -0.7138767448259141, -0.15794590658777286, 0.05266185722573537, -0.9860425038433702, 0.16952950589294546, 0.010774077309333746, 0.9986093406762897, 0.05160720852941472, 0.21803563380344532, 0.0, 0.0, 0.0, 1.0], "fov": 40.0, "aspect": 1.0}, {"camera_to_world": [0.987821914153728, -0.0022377393937151463, -0.15557267896411225, -0.7025528437794155, -0.15521461218099047, 0.055129301788352014, -0.9863413122493825, 0.17232365610148226, 0.01078378797870412, 0.9984767161064574, 0.054110602566370805, 0.22972609611255498, 0.0, 0.0, 0.0, 1.0], "fov": 40.0, "aspect": 1.0}, {"camera_to_world": [0.9882669400607494, -0.002001920766678697, -0.15272343466608873, -0.6907200339427948, -0.15235566842907305, 0.05765116411084292, -0.9866428399244553, 0.17513961947479362, 0.01077986458604585, 0.9983347813183252, 0.05666973557021345, 0.24166139503784176, 0.0, 0.0, 0.0, 1.0], "fov": 40.0, "aspect": 1.0}, {"camera_to_world": [0.9887222020369507, -0.0017662050434375243, -0.1497507519812435, -0.6783991814266628, -0.1493740007739419, 0.060224036673355914, -0.9869450204036456, 0.17797421482544057, 0.010761742051813489, 0.9981833228052404, 0.059281017041709155, 0.2538257610447071, 0.0, 0.0, 0.0, 1.0], "fov": 40.0, "aspect": 1.0}, {"camera_to_world": [0.9891858511565886, -0.001531675508683994, -0.1466594894364197, -0.6656111523416307, -0.14627454643711968, 0.06284450498059418, -0.9872458281797695, 0.1808242609659842, 0.010728883270411868, 0.9980221551468084, 0.061940850009421934, 0.26620342459855256, 0.0, 0.0, 0.0, 1.0], "fov": 40.0, "aspect": 1.0}, {"camera_to_world": [0.9896560574261192, -0.0012993852839781744, -0.14345452100813594, -0.6523768127983092, -0.1430622552719501, 0.06550914735560187, -0.9875432865091257, 0.1836865767089855, 0.010680782569330638, 0.997851122768635, 0.06464563150809853, 0.2787786161647797, 0.0, 0.0, 0.0, 1.0], "fov": 40.0, "aspect": 1.0}, {"camera_to_world": [0.9901310156354016, -0.0010703541395221672, -0.14014073718524533, -0.6387170289073095, -0.13974209046065525, 0.06821453483415013, -0.9878354748595772, 0.18655798086700554, 0.010616968988089184, 0.997670101576356, 0.06739175313144351, 0.29153556620879, 0.0, 0.0, 0.0, 1.0], "fov": 40.0, "aspect": 1.0}, {"camera_to_world": [0.9906089509744438, -0.0008455654710164268, -0.13672304585674777, -0.6246526667792425, -0.13631902905583387, 0.07095723115747465, -0.9881205359993992, 0.18943529225260528, 0.010537009375854625, 0.997479000463418, 0.07017560165694497, 0.30445850519598505, 0.0, 0.0, 0.0, 1.0], "fov": 40.0, "aspect": 1.0}, {"camera_to_world": [0.9910881244143741, -0.000625963442685451, -0.13320637302534163, -0.6102045925247191, -0.13279806236709424, 0.07373379286050506, -0.9883966827250834, 0.19231532967834583, 0.01044051130660717, 0.9972777626921059, 0.07299355973977467, 0.3175316635917663, 0.0, 0.0, 0.0, 1.0], "fov": 40.0, "aspect": 1.0}, {"camera_to_world": [0.9915668378511172, -0.00041245029764766517, -0.12959566334830855, -0.5953936722543502, -0.1291841961945233, 0.0765407694521737, -0.9886622042261171, 0.19519491195678823, 0.010327125810750487, 0.9970663671473536, 0.07584200667221146, 0.3307392718615355, 0.0, 0.0, 0.0, 1.0], "fov": 40.0, "aspect": 1.0}, {"camera_to_world": [0.9920434390100417, -0.0002058838368821786, -0.12589588050836, -0.5802407720787471, -0.12548245091173316, 0.07937470368380221, -0.9889154720845927, 0.19807085790049345, 0.010196549922107362, 0.996844829462918, 0.0787173192044271, 0.3440655604706941, 0.0, 0.0, 0.0, 1.0], "fov": 40.0, "aspect": 1.0}, {"camera_to_world": [0.9925163261096996, -7.075068088689684e-06, -0.12211200741797602, -0.5647667581085203, -0.12169786140212513, 0.08223213190109831, -0.9891549459074396, 0.20093998632202256, 0.01004852903929547, 0.9966132030195787, 0.08161587242199066, 0.3574947598846435, 0.0, 0.0, 0.0, 1.0], "fov": 40.0, "aspect": 1.0}, {"camera_to_world": [0.9929839522826363, 0.00018321397422657593, -0.11824904626167176, -0.548992496454281, -0.11783547685291593, 0.08510958447480473, -0.9893791785889634, 0.20379911603393666, 0.009882859100546537, 0.9963715798150636, 0.08453404067494359, 0.3710111005687855, 0.0, 0.0, 0.0, 1.0], "fov": 40.0, "aspect": 1.0}, {"camera_to_world": [0.9934448297511486, 0.0003642722360958431, -0.11431201838148687, -0.5329388532266404, -0.11390036041232654, 0.08800358630458172, -0.9895868212013913, 0.20664506584879666, 0.009699388571116102, 0.9961200912055083, 0.08746819855282521, 0.38459881298852144, 0.0, 0.0, 0.0, 1.0], "fov": 40.0, "aspect": 1.0}, {"camera_to_world": [0.9938975337557993, 0.0005354414775301589, -0.11030596401176211, -0.5166266945362088, -0.10989758871609773, 0.09091065739035316, -0.9897766275110972, 0.20947465457916364, 0.009498020242526578, 0.995858908518309, 0.09041472189966956, 0.398242127609253, 0.0, 0.0, 0.0, 1.0], "fov": 40.0, "aspect": 1.0}, {"camera_to_world": [0.9943407062344453, 0.0006961179307411608, -0.10623594187002446, -0.5000768864935979, -0.105832251290247, 0.09382731346493096, -0.9899474581182538, 0.21228470103759872, 0.00927871284299324, 0.9955882435363429, 0.09336998886257397, 0.4119252748963815, 0.0, 0.0, 0.0, 1.0], "fov": 40.0, "aspect": 1.0}, {"camera_to_world": [0.99477305924953, 0.0008457537818729044, -0.10210702861150833, -0.48331029520941815, -0.10170944983767989, 0.09675006668142622, -0.9900982842177116, 0.21507202403666287, 0.009041482458502746, 0.9953083488536004, 0.09633038096713081, 0.4256324853153088, 0.0, 0.0, 0.0, 1.0], "fov": 40.0, "aspect": 1.0}, {"camera_to_world": [0.9951933781613956, 0.0009838584750281251, -0.09792431815545383, -0.4663477867942808, -0.09753429741687233, 0.09967542634867152, -0.9902281909790328, 0.21783344238891708, 0.008786403764141332, 0.9950195181023896, 0.09929228421273129, 0.43934798933143615, 0.0, 0.0, 0.0, 1.0], "fov": 40.0, "aspect": 1.0}, {"camera_to_world": [0.9956005245454103, 0.0011099998374432749, -0.09369292089194722, -0.4492102273587967, -0.09331191752145476, 0.10259989970759081, -0.990336380543733, 0.22056577490692245, 0.008513611065407316, 0.9947220860523572, 0.10225209018046423, 0.45305601741016527, 0.0, 0.0, 0.0, 1.0], "fov": 40.0, "aspect": 1.0}, {"camera_to_world": [0.9959934388507742, 0.0012238050247532148, -0.08941796277857444, -0.4319184830135766, -0.0890474430700221, 0.10551999274128747, -0.9904221746379519, 0.22326584040324, 0.008223299149386958, 0.9944164285816782, 0.10520619714617416, 0.46674080001689766, 0.0, 0.0, 0.0, 1.0], "fov": 40.0, "aspect": 1.0}, {"camera_to_world": [0.9963711427989447, 0.0013249612853788104, -0.08510458433666934, -0.4144934198692319, -0.0847460153159931, 0.10843221101138344, -0.9904850167989642, 0.2259304576904307, 0.007915723945823405, 0.9941029625208725, 0.10815101119101224, 0.4803865676170349, 0.0, 0.0, 0.0, 1.0], "fov": 40.0, "aspect": 1.0}, {"camera_to_world": [0.9967327415197379, 0.0014132165431812588, -0.08075793955735508, -0.3969559040363732, -0.080412782687745, 0.1113330605130495, -0.9905244742141462, 0.22855644558105573, 0.007591202998262846, 0.9937821453697985, 0.11108294730173228, 0.49397755067597854, 0.0, 0.0, 0.0, 1.0], "fov": 40.0, "aspect": 1.0}, {"camera_to_world": [0.9970774254232874, 0.0014883797976385782, -0.07638319472794214, -0.3793268016256116, -0.07605289956960133, 0.11421904854103573, -0.9905402391712501, 0.231140622887676, 0.007250115745619658, 0.9934544748884868, 0.11399843045286463, 0.50749797965913, 0.0, 0.0, 0.0, 1.0], "fov": 40.0, "aspect": 1.0}, {"camera_to_world": [0.9974044718061852, 0.0015503213409256977, -0.07198552718960036, -0.36162697874755817, -0.07167152503458953, 0.11708668455895532, -0.9905321301190627, 0.23367980842285255, 0.006892903614662667, 0.9931204885625567, 0.11689389666286006, 0.5209320850318909, 0.0, 0.0, 0.0, 1.0], "fov": 40.0, "aspect": 1.0}, {"camera_to_world": [0.997713246190296, 0.0015989727914073049, -0.06757012403743337, -0.34387730151282375, -0.06727382154008267, 0.1199324810640543, -0.9905000923378117, 0.23617082099914652, 0.006520069924080697, 0.9927807629440816, 0.1197657940162904, 0.5342640972596627, 0.0, 0.0, 0.0, 1.0], "fov": 40.0, "aspect": 1.0}, {"camera_to_world": [0.9980032033929058, 0.0016343269431848585, -0.06314218077435266, -0.32609863603201933, -0.06286495359769209, 0.12275295443969876, -0.9904441982189028, 0.23861047942911878, 0.006132179600947054, 0.9924359128688199, 0.12261058364420956, 0.5474782468078472, 0.0, 0.0, 0.0, 1.0], "fov": 40.0, "aspect": 1.0}, {"camera_to_world": [0.9982738883270545, 0.0016564374314775414, -0.05870689993023798, -0.3083118484157558, -0.058450086428854034, 0.12554462578787606, -0.9903646471538862, 0.24099560252533053, 0.005729858710550262, 0.9920865905508539, 0.1254247406548619, 0.5605587641418458, 0.0, 0.0, 0.0, 1.0], "fov": 40.0, "aspect": 1.0}, {"camera_to_world": [0.9985249365310978, 0.0016654182137519277, -0.054269489658006306, -0.2905378047746442, -0.05403438461767353, 0.12830402173409172, -0.9902617650327852, 0.2433230091003428, 0.005313793800711175, 0.9917334845557202, 0.12820475500702969, 0.5734898797270598, 0.0, 0.0, 0.0, 1.0], "fov": 40.0, "aspect": 1.0}, {"camera_to_world": [0.9987560744267417, 0.0016614428666521693, -0.0498351623182413, -0.2727973712192955, -0.0496230107726046, 0.1310276751971594, -0.9901360033522113, 0.24558951796671646, 0.0048847310618472355, 0.9913773186532104, 0.13094713231844704, 0.5862558240288911, 0.0, 0.0, 0.0, 1.0], "fov": 40.0, "aspect": 1.0}, {"camera_to_world": [0.9989671193050066, 0.0016447436989179033, -0.04540913306397436, -0.25511141386032066, -0.04522112420847213, 0.13371212611657854, -0.9899879379339459, 0.24779194793701267, 0.00444347530417305, 0.9910188505510625, 0.13364839460192607, 0.5988408275127411, 0.0, 0.0, 0.0, 1.0], "fov": 40.0, "aspect": 1.0}, {"camera_to_world": [0.999157979039773, 0.0016156106806057904, -0.040996618437197346, -0.23750079880833058, -0.040833879660315944, 0.1363539221303526, -0.9898182672549324, 0.24992711782379243, 0.003990888753557603, 0.9906588705108327, 0.13630508092201946, 0.6112291206440112, 0.0, 0.0, 0.0, 1.0], "fov": 40.0, "aspect": 1.0}, {"camera_to_world": [0.9993286515287844, 0.0015743901890583334, -0.03660283498848174, -0.2199863921739361, -0.036466426040321506, 0.1389496191963909, -0.9896278103898574, 0.2519918464396168, 0.0035278896676607906, 0.9902981998472532, 0.13891374796535533, 0.6234049338881035, 0.0, 0.0, 0.0, 1.0], "fov": 40.0, "aspect": 1.0}, {"camera_to_world": [0.9994792238621696, 0.0015214835721797711, -0.03223299793091956, -0.2025890600677486, -0.03212390524893065, 0.14149578215088446, -0.9894175045677469, 0.25398295259704684, 0.003055450774076377, 0.9899376893124381, 0.14147097051804713, 0.6353524977104187, 0.0, 0.0, 0.0, 1.0], "fov": 40.0, "aspect": 1.0}, {"camera_to_world": [0.9996098712187601, 0.0014573455296911734, -0.02789231983935434, -0.18532966860037875, -0.027811451050969542, 0.14398898519736963, -0.9891884023442001, 0.2558972551086435, 0.0025745975322904163, 0.9895782173662873, 0.14397334184392596, 0.647056042576359, 0.0, 0.0, 0.0, 1.0], "fov": 40.0, "aspect": 1.0}, {"camera_to_world": [0.9997208554906596, 0.0013824823131362782, -0.02358600940552561, -0.16822908388243726, -0.023534188027277934, 0.14642581232055316, -0.9889416683910952, 0.2577315727869679, 0.0020864062213301234, 0.9892206883344687, 0.14641747395771992, 0.6584997989513257, 0.0, 0.0, 0.0, 1.0], "fov": 40.0, "aspect": 1.0}, {"camera_to_world": [0.9998125236367071, 0.001297449745500492, -0.019319270259427732, -0.15130817202453545, -0.01929723061199405, 0.14880285761935766, -0.9886785759057495, 0.259482724444581, 0.001592001855032811, 0.9888660304553247, 0.14879999778771, 0.6696679973007205, 0.0, 0.0, 0.0, 1.0], "fov": 40.0, "aspect": 1.0}, {"camera_to_world": [0.9998853057656455, 0.0012028510613823267, -0.015097299866722674, -0.1345877991372845, -0.01510568222518343, 0.15111672555406827, -0.9884005026416814, 0.2611475288940439, 0.0010925559268936307, 0.9885151938170403, 0.15111756322283015, 0.6805448680899444, 0.0, 0.0, 0.0, 1.0], "fov": 40.0, "aspect": 1.0}, {"camera_to_world": [0.9999397129499582, 0.0010993345687217559, -0.010925288511584523, -0.11808883133129484, -0.010964634510034637, 0.15336403110293415, -0.9881089265632205, 0.2627228049479176, 0.000589283986465682, 0.988169148186364, 0.1533668390396667, 0.6911146417843995, 0.0, 0.0, 0.0, 1.0], "fov": 40.0, "aspect": 1.0}, {"camera_to_world": [0.9999763347714788, 0.0009875911331399356, -0.006808418373822259, -0.10183213471717778, -0.006879166683311575, 0.15554139982405255, -0.9878054211263056, 0.26420537141876305, 8.344304928021608e-05, 0.9878288807301234, 0.15554451270530104, 0.7013615488494873, 0.0, 0.0, 0.0, 1.0], "fov": 40.0, "aspect": 1.0}, {"camera_to_world": [0.9999958365999982, 0.0008683514859807212, -0.0027518627085182643, -0.08583857540554414, -0.002854345007143818, 0.1576454678189256, -0.9874916501878548, 0.26559204711914147, -0.00042367115777636015, 0.9874953936306989, 0.15764729005251307, 0.7112698197506092, 0.0, 0.0, 0.0, 1.0], "fov": 40.0, "aspect": 1.0}, {"camera_to_world": [0.9999989566061913, 0.0007423833571627565, 0.001239214864203863, -0.07012901950700465, 0.0011047776103858624, 0.15967288159460763, -0.9871693625461163, 0.26687965086161386, -0.0009307271137375053, 0.9871697015965518, 0.15967189482440022, 0.7208236849531671, 0.0, 0.0, 0.0, 1.0], "fov": 40.0, "aspect": 1.0}, {"camera_to_world": [0.9999865025102731, 0.0006104884339556077, 0.005159660952383516, -0.054724333132171135, 0.004993161879107818, 0.16162029782199505, -0.9868403861143801, 0.2680650014587411, -0.001436360581667858, 0.9868528292687829, 0.16161506808610948, 0.7300073749225617, 0.0, 0.0, 0.0, 1.0], "fov": 40.0, "aspect": 1.0}, {"camera_to_world": [0.9999593480678421, 0.0004734991467781084, 0.009004332862256041, -0.039645382391653695, 0.008805782249086024, 0.16348438298842288, -0.9865066217303748, 0.26914491772308435, -0.0019391778458885973, 0.9865458085245982, 0.1634735675019951, 0.7388051201241953, 0.0, 0.0, 0.0, 1.0], "fov": 40.0, "aspect": 1.0}, {"camera_to_world": [0.9999184292944104, 0.0003322752830880347, 0.012768098939756105, -0.024913033396063166, 0.012537626886169648, 0.16526181294339579, -0.9861700366035895, 0.2701162184672047, -0.0024377591067101375, 0.9862496756784247, 0.16524416647718412, 0.7472011510234693, 0.0, 0.0, 0.0, 1.0], "fov": 40.0, "aspect": 1.0}, {"camera_to_world": [0.9998647404301259, 0.00018770043038246823, 0.016445838779021414, -0.010548152256011268, 0.01618369749643023, 0.16694927233699342, -0.9858326574026103, 0.270975722503663, -0.002930662031208695, 0.9859654685812768, 0.16692365316324104, 0.755179698085785, 0.0, 0.0, 0.0, 1.0], "fov": 40.0, "aspect": 1.0}, {"camera_to_world": [0.9997993296461747, 4.067824926432678e-05, 0.020032443294315243, 0.003428394917891353, 0.01973900899601508, 0.16854345395122045, -0.9854965629843915, 0.2717202486450204, -0.0034164254587440764, 0.9856942236188022, 0.16850882932835293, 0.7627249917765442, 0.0, 0.0, 0.0, 1.0], "fov": 40.0, "aspect": 1.0}, {"camera_to_world": [0.9997232944943156, -0.0001078714225513696, 0.02352281465275693, 0.016995742015033777, 0.023198589023903433, 0.17004105792531057, -0.985163876767181, 0.2723466157038379, -0.0038935732601026903, 0.9854369726082929, 0.16999650909318945, 0.7698212625611481, 0.0, 0.0, 0.0, 1.0], "fov": 40.0, "aspect": 1.0}, {"camera_to_world": [0.9996377771009263, -0.0002570166345178329, 0.02691186606626267, 0.030133022924805353, 0.026557477296048574, 0.17143879087683433, -0.9848367587485546, 0.2728516424926767, -0.004360618349356372, 0.9851947395947355, 0.17138351753442513, 0.7764527409049988, 0.0, 0.0, 0.0, 1.0], "fov": 40.0, "aspect": 1.0}, {"camera_to_world": [0.9995439591068469, -0.0004058175551623043, 0.03019452144217253, 0.042819371536594805, 0.029810724800444117, 0.17273336492123653, -0.9845173971697296, 0.27323214782409755, -0.004816066847758713, 0.9849685375457933, 0.17266668915867664, 0.7826036572734976, 0.0, 0.0, 0.0, 1.0], "fov": 40.0, "aspect": 1.0}, {"camera_to_world": [0.9994430563541967, -0.0005533308710854862, 0.03336571489312019, 0.055033921739790694, 0.03295339283371284, 0.173921496593353, -0.9842079998270058, 0.2734849505106617, -0.005258422399245016, 0.9847593649454042, 0.17384286625051862, 0.7882582421320457, 0.0, 0.0, 0.0, 1.0], "fov": 40.0, "aspect": 1.0}, {"camera_to_world": [0.9993363133211823, -0.0006986143526676696, 0.03642039010793179, 0.06675580742378315, 0.03598055188102435, 0.17499990567528137, -0.9839107850308277, 0.27360686936493, -0.005686190637377969, 0.9845682022854634, 0.1749088970990513, 0.7934007259460449, 0.0, 0.0, 0.0, 1.0], "fov": 40.0, "aspect": 1.0}, {"camera_to_world": [0.9992249973057608, -0.0008407315862459137, 0.039353499586470074, 0.07796416247796056, 0.03888728034225403, 0.17596531393597084, -0.9836279722125628, 0.2735947231994637, -0.006097883803858187, 0.9843960084548368, 0.17586163410846475, 0.7980153391808971, 0.0, 0.0, 0.0, 1.0], "fov": 40.0, "aspect": 1.0}, {"camera_to_world": [0.9991103923588227, -0.0009787568726968392, 0.0421600037426879, 0.08863812079171147, 0.0416686631086188, 0.17681444378880884, -0.9833617721786805, 0.27344533082682376, -0.006492025519030244, 0.9842437170247209, 0.17669793179893745, 0.8020863123020032, 0.0, 0.0, 0.0, 1.0], "fov": 40.0, "aspect": 1.0}, {"camera_to_world": [0.9989937929673524, -0.001111780292532158, 0.04483486988141858, 0.09875681625442567, 0.044319789995262204, 0.1775440168745133, -0.9831143770115657, 0.27315551105957114, -0.006867155705126707, 0.984112232429129, 0.17741464470521556, 0.805597875774765, 0.0, 0.0, 0.0, 1.0], "fov": 40.0, "aspect": 1.0}, {"camera_to_world": [0.99887649748779, -0.0012389129377956346, 0.047373071055798584, 0.10829938275549207, 0.046835754036602735, 0.17815075257763668, -0.9828879496157457, 0.2727220827102669, -0.007221835663322004, 0.9840024260390592, 0.17800862518119095, 0.8085342600645843, 0.0, 0.0, 0.0, 1.0], "fov": 40.0, "aspect": 1.0}, {"camera_to_world": [0.998759801329572, -0.0013592923112396606, 0.049769584813682724, 0.11724495418429974, 0.04921164965269595, 0.17863136648607672, -0.9826846129078123, 0.27214186459147216, -0.007554653306013719, 0.9839151321286451, 0.1784767211198603, 0.8108796956368624, 0.0, 0.0, 0.0, 1.0], "fov": 40.0, "aspect": 1.0}, {"camera_to_world": [0.9986449898885678, -0.0014720878934439408, 0.052019391842816225, 0.12557266443023796, 0.05144257069623717, 0.17898256880407734, -0.9825064386478373, 0.2714116755157479, -0.007864228546088911, 0.9838511437313715, 0.17881577359910725, 0.812618412957001, 0.0, 0.0, 0.0, 1.0], "fov": 40.0, "aspect": 1.0}, {"camera_to_world": [0.9985333312298481, -0.0015765068787295389, 0.05411747452610728, 0.13326164738269455, 0.053523608391382774, 0.17920106273033318, -0.982355435909572, 0.2705283342956551, -0.008149218845291368, 0.9838112083842004, 0.179022614464852, 0.8137346424904012, 0.0, 0.0, 0.0, 1.0], "fov": 40.0, "aspect": 1.0}, {"camera_to_world": [0.998426068518955, -0.0016718000808986222, 0.05605881541981271, 0.14029103693106001, 0.05544984917700943, 0.17928354281399503, -0.982233539186231, 0.26948865974375485, -0.008408324924146959, 0.983796023757238, 0.1790940638642667, 0.8142126147024651, 0.0, 0.0, 0.0, 1.0], "fov": 40.0, "aspect": 1.0}, {"camera_to_world": [0.9983244122005347, -0.001757268010016532, 0.05783839566929495, 0.14663996696472237, 0.057216372468848156, 0.17922669330258745, -0.9821425961281419, 0.2682894706726083, -0.008640296636283858, 0.9838062331663494, 0.1790269277429398, 0.8140365600585937, 0.0, 0.0, 0.0, 1.0], "fov": 40.0, "aspect": 1.0}, {"camera_to_world": [0.998218728370224, -0.0018408119229205884, 0.059632052978220704, 0.15292831100535995, 0.05899782217539411, 0.17901481723943583, -0.9820758383074554, 0.26679347758026206, -0.008867204153139924, 0.9838446557359527, 0.1788045471186645, 0.8131422864597179, 0.0, 0.0, 0.0, 1.0], "fov": 40.0, "aspect": 1.0}, {"camera_to_world": [0.9980981189768655, -0.0019302542494972694, 0.06161508754659828, 0.15977815661053194, 0.060968279675311425, 0.1786371828438257, -0.9820242490789393, 0.2648730939100486, -0.009111189180106019, 0.983913121685118, 0.17841512045667665, 0.8114887967044547, 0.0, 0.0, 0.0, 1.0], "fov": 40.0, "aspect": 1.0}, {"camera_to_world": [0.997961822488754, -0.002024762251536194, 0.06378166815590053, 0.16717195872345042, 0.0631219729727352, 0.17809790356633623, -0.9819861268232385, 0.26253969289245693, -0.009371092943405716, 0.9840106895166846, 0.17786271541260495, 0.8090951136047364, 0.0, 0.0, 0.0, 1.0], "fov": 40.0, "aspect": 1.0}, {"camera_to_world": [0.9978090242017922, -0.0021234354769589514, 0.06612595740889127, 0.17509217228732704, 0.06545312762912513, 0.17740108156413625, -0.9819596449668592, 0.2598046477579761, -0.00964568841673668, 0.9841363458798024, 0.17715138558113896, 0.8059802599724947, 0.0, 0.0, 0.0, 1.0], "fov": 40.0, "aspect": 1.0}, {"camera_to_world": [0.9976388668252194, -0.0022253142706556567, 0.06864211080735325, 0.1835212522453739, 0.06795596535142084, 0.176550810001242, -0.9819428691431402, 0.25667933173709534, -0.009933688783560438, 0.9842890121627399, 0.17628517340618638, 0.8021632586196616, 0.0, 0.0, 0.0, 1.0], "fov": 40.0, "aspect": 1.0}, {"camera_to_world": [0.9974504607367087, -0.0023293880460722866, 0.07132427586353995, 0.19244165354080278, 0.07062470262703352, 0.17555117533636116, -0.9819337738446854, 0.25317511806030357, -0.010233755663030857, 0.9844675509072676, 0.175268113060181, 0.7976631323581695, 0.0, 0.0, 0.0, 1.0], "fov": 40.0, "aspect": 1.0}, {"camera_to_world": [0.997242893906053, -0.0024346033189408672, 0.07416659126965502, 0.2018358311168254, 0.07345354942989357, 0.17440625957547648, -0.9819302585708628, 0.24930337995809007, -0.010544507102318634, 0.9846707720489986, 0.17410423326960844, 0.7924989039999504, 0.0, 0.0, 0.0, 1.0], "fov": 40.0, "aspect": 1.0}, {"camera_to_world": [0.9970152414864969, -0.0025398715042868475, 0.07716318614704842, 0.21168623991665386, 0.07643670801917887, 0.17312014246833496, -0.9819301634734185, 0.2450754906609438, -0.01086452533768182, 0.9848974389876772, 0.1727975600658231, 0.7866895963569359, 0.0, 0.0, 0.0, 1.0], "fov": 40.0, "aspect": 1.0}, {"camera_to_world": [0.9967665750725963, -0.0026440764775742254, 0.08030817939429896, 0.2219753348835, 0.07956837184984643, 0.17169690362998852, -0.9819312845026577, 0.2405028233993539, -0.011192364326215072, 0.985146274490979, 0.17135211944220033, 0.7802542322410584, 0.0, 0.0, 0.0, 1.0], "fov": 40.0, "aspect": 1.0}, {"camera_to_world": [0.9964959716233154, -0.002746081900563732, 0.08359567915089874, 0.23268557096057543, 0.08284272461165613, 0.1701406245703882, -0.9819313880560676, 0.23559675140380948, -0.01152655704978351, 0.9854159664349842, 0.16977193990051617, 0.7732118344642498, 0.0, 0.0, 0.0, 1.0], "fov": 40.0, "aspect": 1.0}, {"camera_to_world": [0.9962025220488935, -0.0028447383121723846, 0.08701978239089772, 0.24379940309109244, 0.08625393941103675, 0.16845539061692114, -0.9819282251306244, 0.23036864790479958, -0.01186562259222565, 0.9857051733840277, 0.16806105487132672, 0.7655814258384422, 0.0, 0.0, 0.0, 1.0], "fov": 40.0, "aspect": 1.0}, {"camera_to_world": [0.9958853394598592, -0.00293888998433383, 0.09057457465856983, 0.2552992862182625, 0.08979617810786683, 0.16664529271651424, -0.9819195449794489, 0.22482988613281343, -0.012208072990489434, 0.9860125300122142, 0.16622350499484606, 0.7573820291755677, 0.0, 0.0, 0.0, 1.0], "fov": 40.0, "aspect": 1.0}, {"camera_to_world": [0.9955435670764187, -0.0030273815425812187, 0.09425412995596605, 0.2671676752852978, 0.09346359081706515, 0.16471442910566753, -0.9819031082728961, 0.21899183931833993, -0.012552419859959862, 0.9863366523684446, 0.16426334025055506, 0.7486326672875582, 0.0, 0.0, 0.0, 1.0], "fov": 40.0, "aspect": 1.0}, {"camera_to_world": [0.9951763857963177, -0.0031090643508038668, 0.09805251079009253, 0.27938702523541015, 0.0972503155827759, 0.1626669068384271, -0.9818766997636055, 0.21286588069186826, -0.012897180793845907, 0.9866761429863811, 0.16218462192541502, 0.7393523629863458, 0.0, 0.0, 0.0, 1.0], "fov": 40.0, "aspect": 1.0}, {"camera_to_world": [0.9947830214191841, -0.0031828026593767184, 0.10196376838539603, 0.29193979101181106, 0.1011504782308939, 0.16050684316392902, -0.981838140454531, 0.20646338348388768, -0.013240885536121773, 0.9870295958403584, 0.15999142441217895, 0.7295601390838625, 0.0, 0.0, 0.0, 1.0], "fov": 40.0, "aspect": 1.0}, {"camera_to_world": [0.9943627515252675, -0.003247479515628031, 0.10598194306529103, 0.30480842755771304, 0.10515819240374283, 0.15823836674668001, -0.981785299268491, 0.19979572092488698, -0.013582081927172113, 0.9873956011478573, 0.15768783683082477, 0.7192750183920402, 0.0, 0.0, 0.0, 1.0], "fov": 40.0, "aspect": 1.0}, {"camera_to_world": [0.9939149120064652, -0.0033020024353955235, 0.1101010648045564, 0.31797538981632734, 0.10926755977882605, 0.15586561872423174, -0.9817161042173511, 0.19287426624535553, -0.01391934162096621, 0.9877727500187626, 0.15527796446762748, 0.7085160237228114, 0.0, 0.0, 0.0, 1.0], "fov": 40.0, "aspect": 1.0}, {"camera_to_world": [0.9934389032474956, -0.0033453088342378437, 0.11431515395264336, 0.3314231327308663, 0.11347267047179616, 0.153392753598371, -0.9816285530685773, 0.1857103926757822, -0.01425126557229725, 0.9881596389512746, 0.1527659300278529, 0.6973021778881074, 0.0, 0.0, 0.0, 1.0], "fov": 40.0, "aspect": 1.0}, {"camera_to_world": [0.9929341959551132, -0.003376371216702319, 0.11861822212619769, 0.3451341112445417, 0.11776760362206029, 0.1508239399572972, -0.9815207235065773, 0.1783154734466562, -0.014576489292358545, 0.9885548741739958, 0.1501558746994107, 0.6856525036998609, 0.0, 0.0, 0.0, 1.0], "fov": 40.0, "aspect": 1.0}, {"camera_to_world": [0.9924003366333044, -0.0033942021219211804, 0.12300427326747565, 0.35909078030056507, 0.12214642815782362, 0.14816336102761726, -0.9813907827859836, 0.1707008817884667, -0.01489368787070261, 0.9889570758334032, 0.14745195902616753, 0.6735860239700038, 0.0, 0.0, 0.0, 1.0], "fov": 40.0, "aspect": 1.0}, {"camera_to_world": [0.991836952702502, -0.0033978588237018673, 0.12746730486375213, 0.3732755948421488, 0.12660320373579872, 0.14541521505625582, -0.9812369968738311, 0.16287799093170263, -0.015201580761433395, 0.9893648820256141, 0.14465836359089837, 0.6611217615104678, 0.0, 0.0, 0.0, 1.0], "fov": 40.0, "aspect": 1.0}, {"camera_to_world": [0.9912437572609751, -0.0033864477832067086, 0.13200130932137222, 0.38767100981250413, 0.1311319818493663, 0.1425837155235958, -0.9810577390774428, 0.15485817410685326, -0.015498936331324119, 0.9897769526711045, 0.14177928950908042, 0.6482787391331852, 0.0, 0.0, 0.0, 1.0], "fov": 40.0, "aspect": 1.0}, {"camera_to_world": [0.9906205534867102, -0.003359128852273699, 0.1366002754866834, 0.4022594801548437, 0.13572680709756124, 0.13967309119033866, -0.9808514981547598, 0.1466528045444075, -0.015784576167429364, 0.9901919732307918, 0.13881895873592143, 0.635075979650088, 0.0, 0.0, 0.0, 1.0], "fov": 40.0, "aspect": 1.0}, {"camera_to_world": [0.9899672386782977, -0.0033151192254200212, 0.14125819030480186, 0.41702346081237895, 0.14038171860597418, 0.13668758598168385, -0.9806168859038341, 0.1382732554748545, -0.016057379141673378, 0.9906086582616879, 0.1357816141901381, 0.6215325058731082, 0.0, 0.0, 0.0, 1.0], "fov": 40.0, "aspect": 1.0}, {"camera_to_world": [0.9892838079335542, -0.0032536971385890845, 0.1459690406059351, 0.4319454067283215, 0.14509075158942827, 0.1336314587134719, -0.9803526442282515, 0.12973090012868355, -0.016316285229843436, 0.9910257548101564, 0.13267151969906127, 0.6076673406141779, 0.0, 0.0, 0.0, 1.0], "fov": 40.0, "aspect": 1.0}, {"camera_to_world": [0.988570357464868, -0.0031742053127529896, 0.15072681500786683, 0.4470077728458838, 0.14984793904516863, 0.13050898266595012, -0.9800576516753563, 0.1210371117363834, -0.016560299082403404, 0.9914420456406572, 0.12949295977067682, 0.593499506685229, 0.0, 0.0, 0.0, 1.0], "fov": 40.0, "aspect": 1.0}, {"camera_to_world": [0.9878270875505394, -0.0030760541405601832, 0.1555255059221582, 0.46219301410827746, 0.15464731356424755, 0.1273244450117366, -0.9797309294443114, 0.11220326352844338, -0.016788493344556274, 0.9918563522977394, 0.12625023919914838, 0.5790480268981936, 0.0, 0.0, 0.0, 1.0], "fov": 40.0, "aspect": 1.0}, {"camera_to_world": [0.9870543051216897, -0.0029587246143268214, 0.16035911165067868, 0.4774835854587141, 0.15948290924783987, 0.1240821461054694, -0.9793716468612444, 0.10324072873535269, -0.017000011723040623, 0.99226753799896, 0.12294768251129812, 0.564331924065004, 0.0, 0.0, 0.0, 1.0], "fov": 40.0, "aspect": 1.0}, {"camera_to_world": [0.9862524259846449, -0.0028217709938041236, 0.1652216385582138, 0.492861941840406, 0.16434876371434756, 0.1207863986434125, -0.9789791263190042, 0.09416088058760005, -0.017194071797223584, 0.9926745103563472, 0.1195896332623307, 0.5493702209975917, 0.0, 0.0, 0.0, 1.0], "fov": 40.0, "aspect": 1.0}, {"camera_to_world": [0.98542197667905, -0.0026648232123120674, 0.17010710330612594, 0.5083105381965647, 0.16923892018237313, 0.11744152670207796, -0.9785528476793623, 0.08497509231567502, -0.01736996757216948, 0.9930762239239908, 0.1161804531898957, 0.5341819405078894, 0.0, 0.0, 0.0, 1.0], "fov": 40.0, "aspect": 1.0}, {"camera_to_world": [0.9845635959723298, -0.0024875890200138223, 0.1750095351313818, 0.5238118294704024, 0.1741474296139665, 0.11405186466560736, -0.9780924521358638, 0.07569473715006621, -0.01752707177150367, 0.9934716825693453, 0.11272452123629122, 0.5187861054078283, 0.0, 0.0, 0.0, 1.0], "fov": 40.0, "aspect": 1.0}, {"camera_to_world": [0.9836780359914966, -0.0022898558633062116, 0.17992297815464592, 0.5393482706051309, 0.17906835290192177, 0.1106217560523011, -0.9775977455359122, 0.06633118832126303, -0.017664837868056407, 0.9938599416658418, 0.10922623244928305, 0.503201738509341, 0.0, 0.0, 0.0, 1.0], "fov": 40.0, "aspect": 1.0}, {"camera_to_world": [0.9827661629936834, -0.0020714924995246936, 0.18484149370067648, 0.5549023165439617, 0.1839957630844251, 0.10715555225124689, -0.9770687011611365, 0.05689581905975456, -0.017782801850465726, 0.9942401101044731, 0.10568999677260077, 0.48744786262435974, 0.0, 0.0, 0.0, 1.0], "fov": 40.0, "aspect": 1.0}, {"camera_to_world": [0.9818289577771784, -0.001832450346397299, 0.1897591626138449, 0.5704564222301072, 0.18892374756992336, 0.10365761118050824, -0.9765054619655164, 0.04740000259602981, -0.017880583724127222, 0.9946113521220631, 0.10212023773770759, 0.47154350056481587, 0.0, 0.0, 0.0, 1.0], "fov": 40.0, "aspect": 1.0}, {"camera_to_world": [0.9808675157351248, -0.0015727645659330408, 0.19467008755128487, 0.5859930426067786, 0.19384641035475209, 0.10013229587879044, -0.9759083422712501, 0.03785511216057795, -0.017957888745112643, 0.9949728889440469, 0.09852139106892291, 0.455507675142642, 0.0, 0.0, 0.0, 1.0], "fov": 40.0, "aspect": 1.0}, {"camera_to_world": [0.9798830465544397, -0.0012925548826928923, 0.19956839523598124, 0.6014946326171887, 0.19875787421584873, 0.09658397304285764, -0.9752778289228428, 0.028272520983887883, -0.01801450838592207, 0.9953240002396868, 0.09489790321435858, 0.43935940916976984, 0.0, 0.0, 0.0, 1.0], "fov": 40.0, "aspect": 1.0}, {"camera_to_world": [0.9788768735628868, -0.0009920261366578864, 0.20444823865196868, 0.6169436472045486, 0.2036522828607201, 0.09301701152331192, -0.974614581900399, 0.0186636022964489, -0.01805032103219792, 0.9956640253877894, 0.09125422981549046, 0.4231177254581316, 0.0, 0.0, 0.0, 1.0], "fov": 40.0, "aspect": 1.0}, {"camera_to_world": [0.9778504327276054, -0.0006714685711829982, 0.20930379916378172, 0.6323225413120706, 0.20852380301678616, 0.08943578079155838, -0.9739194343936366, 0.009039729328750124, -0.01806529240979271, 0.9959923645511357, 0.08759483412842595, 0.40680164681965925, 0.0, 0.0, 0.0, 1.0], "fov": 40.0, "aspect": 1.0}, {"camera_to_world": [0.9768052713087563, -0.000331257856801756, 0.21412928854236482, 0.6476137698829663, 0.213366626442272, 0.08584464939100209, -0.9731933923386349, -0.0005877246887195043, -0.01805947574186434, 0.9963084795579973, 0.08392418541017115, 0.3904301960662848, 0.0, 0.0, 0.0, 1.0], "fov": 40.0, "aspect": 1.0}, {"camera_to_world": [0.9757430461722719, 2.814514808273383e-05, 0.21891895087978674, 0.6627997878604479, 0.21817497184093704, 0.08224798338559175, -0.9724376334198559, -0.010207386525470818, -0.018033011635945742, 0.9966118945892901, 0.08024675728329328, 0.3740223960099402, 0.0, 0.0, 0.0, 1.0], "fov": 40.0, "aspect": 1.0}, {"camera_to_world": [0.974665521766014, 0.00040619489831413, 0.22366706437535355, 0.6778630501877269, 0.2229430866631647, 0.0786501448189015, -0.9716535055404611, -0.01980788295101461, -0.017986127701219753, 0.9969021966701002, 0.0765670260924702, 0.3575972694625579, 0.0, 0.0, 0.0, 1.0], "fov": 40.0, "aspect": 1.0}, {"camera_to_world": [0.9735745677639186, 0.0008022619233420264, 0.2283679429760349, 0.6927860118080152, 0.22766524877623573, 0.07505549019689624, -0.9708425247644222, -0.02937784073486207, -0.017919137896502832, 0.99717903596451, 0.07288946926639092, 0.34117383923606937, 0.0, 0.0, 0.0, 1.0], "fov": 40.0, "aspect": 1.0