{
    "w": 512,
    "h": 512,
    "fl_x": 906.1727811207635,
    "fl_y": 682.6850943097463,
    "cx": 257.064494173291,
    "cy": 257.1252530911663,
    "k1": -0.036775139986430644,
    "k2": 0.0008734306541673615,
    "p1": -0.03748270311935238,
    "p2": -0.00996235491595843,
    "camera_model": "OPENCV",
    "frames": [
        {
            "file_path": "images/frame_00093.jpg",
            "transform_matrix": [
                [
                    0.9999720713423268,
                    0.003576252679156587,
                    0.0065625415892787324,
                    -0.8260877184175163
                ],
                [
                    0.0069532633371050135,
                    -0.12323166212112559,
                    -0.9923535708505459,
                    -0.9786811328918208
                ],
                [
                    -0.0027401942086390393,
                    0.992371486827206,
                    -0.12325308705285792,
                    -1.8936281828593815
                ],
                [
                    0.0,
                    0.0,
                    0.0,
                    1.0
                ]
            ],
            "colmap_im_id": 100
        },
        {
            "file_path": "images/frame_00100.jpg",
            "transform_matrix": [
                [
                    0.9999962465138155,
                    -0.002211618456371131,
                    0.0016173132300255832,
                    -0.41768754532667585
                ],
                [
                    0.0016128689515325964,
                    -0.0020098232936870083,
                    -0.9999966796265243,
                    0.5609654779203812
                ],
                [
                    0.0022148616267747634,
                    0.9999955346670961,
                    -0.0020062486991021247,
                    0.9698497272987753
                ],
                [
                    0.0,
                    0.0,
                    0.0,
                    1.0
                ]
            ],
            "colmap_im_id": 99
        },
        {
            "file_path": "images/frame_00099.jpg",
            "transform_matrix": [
                [
                    0.9999801135205507,
                    -0.0008295834321621298,
                    -0.006251748135957809,
                    -0.5248753727041293
                ],
                [
                    -0.006254756292134651,
                    -0.0036744562420199,
                    -0.9999736878513611,
                    0.5377854967877489
                ],
                [
                    0.0008065898290778479,
                    0.9999929050561581,
                    -0.0036795720122135235,
                    1.043880431414339
                ],
                [
                    0.0,
                    0.0,
                    0.0,
                    1.0
                ]
            ],
            "colmap_im_id": 98
        },
        {
            "file_path": "images/frame_00098.jpg",
            "transform_matrix": [
                [
                    0.9999817687692493,
                    -0.0014586082239058014,
                    -0.00585957261008112,
                    -0.5178675887909632
                ],
                [
                    -0.0058663245714676675,
                    -0.004668625932939504,
                    -0.9999718946890058,
                    0.49430195441323993
                ],
                [
                    0.0014312110766246833,
                    0.9999880381254306,
                    -0.004677097487406875,
                    1.0880087626115476
                ],
                [
                    0.0,
                    0.0,
                    0.0,
                    1.0
                ]
            ],
            "colmap_im_id": 97
        },
        {
            "file_path": "images/frame_00097.jpg",
            "transform_matrix": [
                [
                    0.9999999281580195,
                    -0.0003143271117093656,
                    -0.00021185472067030274,
                    -0.4364676385237459
                ],
                [
                    -0.00021192877321084342,
                    -0.00023557608795159895,
                    -0.9999999497950497,
                    0.2673089065099329
                ],
                [
                    0.0003142771880222789,
                    0.9999999228511839,
                    -0.00023564268598651777,
                    0.8373482675693703
                ],
                [
                    0.0,
                    0.0,
                    0.0,
                    1.0
                ]
            ],
            "colmap_im_id": 96
        },
        {
            "file_path": "images/frame_00096.jpg",
            "transform_matrix": [
                [
                    0.9998347397588488,
                    0.00494233163235805,
                    -0.01749475719725179,
                    -0.9053493416014737
                ],
                [
                    -0.017326186060057886,
                    -0.032307483550129315,
                    -0.9993277889577926,
                    -0.0432517122440222
                ],
                [
                    -0.005504220922824248,
                    0.9994657572246755,
                    -0.03221651265017409,
                    0.1940645189931477
                ],
                [
                    0.0,
                    0.0,
                    0.0,
                    1.0
                ]
            ],
            "colmap_im_id": 95
        },
        {
            "file_path": "images/frame_00095.jpg",
            "transform_matrix": [
                [
                    0.9998117154115247,
                    0.007912952247271947,
                    -0.017717756985481153,
                    -1.0001016306970705
                ],
                [
                    -0.017088833568969383,
                    -0.0735023922811166,
                    -0.9971486198637618,
                    -0.28097902122304363
                ],
                [
                    -0.009192686936703403,
                    0.9972636479465623,
                    -0.07335332978944119,
                    -0.3344597011261645
                ],
                [
                    0.0,
                    0.0,
                    0.0,
                    1.0
                ]
            ],
            "colmap_im_id": 94
        },
        {
            "file_path": "images/frame_00094.jpg",
            "transform_matrix": [
                [
                    0.9999347025924016,
                    0.006965291209638329,
                    -0.009059540264844623,
                    -0.9926966825586673
                ],
                [
                    -0.008318926041547643,
                    -0.0998605401593401,
                    -0.9949666667726111,
                    -0.6049974671460345
                ],
                [
                    -0.007834923162397091,
                    0.9949770636740578,
                    -0.09979607578251548,
                    -0.980463613474803
                ],
                [
                    0.0,
                    0.0,
                    0.0,
                    1.0
                ]
            ],
            "colmap_im_id": 93
        },
        {
            "file_path": "images/frame_00092.jpg",
            "transform_matrix": [
                [
                    0.9995961126793094,
                    0.00632209758196735,
                    0.027706363864237558,
                    -0.3460025216446302
                ],
                [
                    0.028362828948245457,
                    -0.1609399267492048,
                    -0.9865565822151374,
                    -1.1772424646280635
                ],
                [
                    -0.0017780468120990889,
                    0.986943955379496,
                    -0.16105423772570943,
                    -2.5352772412520865
                ],
                [
                    0.0,
                    0.0,
                    0.0,
                    1.0
                ]
            ],
            "colmap_im_id": 92
        },
        {
            "file_path": "images/frame_00064.jpg",
            "transform_matrix": [
                [
                    0.9823703683259638,
                    0.014960050684603867,
                    0.186345529376543,
                    3.055304711630943
                ],
                [
                    0.18549904127437084,
                    0.04573507134435976,
                    -0.9815795479406728,
                    0.6065127710488
                ],
                [
                    -0.023207005868901693,
                    0.9988415790968258,
                    0.04215370382256293,
                    2.558946970019904
                ],
                [
                    0.0,
                    0.0,
                    0.0,
                    1.0
                ]
            ],
            "colmap_im_id": 91
        },
        {
            "file_path": "images/frame_00091.jpg",
            "transform_matrix": [
                [
                    0.9986154470439345,
                    0.007177626141707815,
                    0.05211209656320521,
                    0.18251124607375036
                ],
                [
                    0.05257766303835025,
                    -0.16757857048090286,
                    -0.9844556932970638,
                    -1.2595042761284458
                ],
                [
                    0.001666815727262609,
                    0.9858325945101161,
                    -0.16772393188446416,
                    -2.6821563862678293
                ],
                [
                    0.0,
                    0.0,
                    0.0,
                    1.0
                ]
            ],
            "colmap_im_id": 90
        },
        {
            "file_path": "images/frame_00090.jpg",
            "transform_matrix": [
                [
                    0.996416232092796,
                    0.00756982931053278,
                    0.08424600943786487,
                    0.9464258574534734
                ],
                [
                    0.08439331746869445,
                    -0.15605659238423583,
                    -0.9841362242799768,
                    -1.2824958460842486
                ],
                [
                    0.005697401918731727,
                    0.9877191086830454,
                    -0.15613616478492923,
                    -2.5359302077854724
                ],
                [
                    0.0,
                    0.0,
                    0.0,
                    1.0
                ]
            ],
            "colmap_im_id": 89
        },
        {
            "file_path": "images/frame_00089.jpg",
            "transform_matrix": [
                [
                    0.9933563469549234,
                    0.014649515257513275,
                    0.1141427162244258,
                    1.6992649314737807
                ],
                [
                    0.11507596303313304,
                    -0.13361372876323246,
                    -0.9843296674478437,
                    -1.2594192347690487
                ],
                [
                    0.0008310814442088886,
                    0.990925205648088,
                    -0.13441185258349747,
                    -2.1740236869870655
                ],
                [
                    0.0,
                    0.0,
                    0.0,
                    1.0
                ]
            ],
            "colmap_im_id": 88
        },
        {
            "file_path": "images/frame_00088.jpg",
            "transform_matrix": [
                [
                    0.9909677364771652,
                    0.01703057699548026,
                    0.13301467854535784,
                    2.20626355356998
                ],
                [
                    0.13409010201317959,
                    -0.11348724716937035,
                    -0.9844493330141544,
                    -1.1376060803876413
                ],
                [
                    -0.001670270462815381,
                    0.9933934790288887,
                    -0.11474583225312276,
                    -1.5483069164904868
                ],
                [
                    0.0,
                    0.0,
                    0.0,
                    1.0
                ]
            ],
            "colmap_im_id": 87
        },
        {
            "file_path": "images/frame_00087.jpg",
            "transform_matrix": [
                [
                    0.9893373529779238,
                    0.01928042997319294,
                    0.14436019888696366,
                    2.525160923658573
                ],
                [
                    0.1455036748835376,
                    -0.08765142400125005,
                    -0.9854673553527478,
                    -0.9847623981104133
                ],
                [
                    -0.0063468573342002664,
                    0.9959646042358141,
                    -0.08952220122057666,
                    -0.9127732718041315
                ],
                [
                    0.0,
                    0.0,
                    0.0,
                    1.0
                ]
            ],
            "colmap_im_id": 86
        },
        {
            "file_path": "images/frame_00086.jpg",
            "transform_matrix": [
                [
                    0.9889727653742145,
                    0.018737256370062915,
                    0.14690740135133146,
                    2.6241551835152013
                ],
                [
                    0.14747169220774548,
                    -0.03350009252502071,
                    -0.9884987829017287,
                    -0.7850541379822192
                ],
                [
                    -0.01360034357884489,
                    0.9992630579704913,
                    -0.035893894048985325,
                    -0.18858996063488379
                ],
                [
                    0.0,
                    0.0,
                    0.0,
                    1.0
                ]
            ],
            "colmap_im_id": 85
        },
        {
            "file_path": "images/frame_00085.jpg",
            "transform_matrix": [
                [
                    0.9903195914706585,
                    0.024047972611471267,
                    0.13670699236932302,
                    2.513581776002437
                ],
                [
                    0.1369759709210881,
                    -0.009910271809721738,
                    -0.9905247951984256,
                    -0.5498417812595251
                ],
                [
                    -0.022465309693245377,
                    0.999661683533952,
                    -0.01310833072710682,
                    0.4569587541730444
                ],
                [
                    0.0,
                    0.0,
                    0.0,
                    1.0
                ]
            ],
            "colmap_im_id": 84
        },
        {
            "file_path": "images/frame_00084.jpg",
            "transform_matrix": [
                [
                    0.9926450911878563,
                    0.029782674671320956,
                    0.11734016886844387,
                    2.215779559577001
                ],
                [
                    0.11694177743871075,
                    0.01478939828798616,
                    -0.993028647314746,
                    -0.21927402855388123
                ],
                [
                    -0.03131043963485197,
                    0.9994469800783339,
                    0.011197784699248398,
                    1.263373892219428
                ],
                [
                    0.0,
                    0.0,
                    0.0,
                    1.0
                ]
            ],
            "colmap_im_id": 83
        },
        {
            "file_path": "images/frame_00083.jpg",
            "transform_matrix": [
                [
                    0.9959464130144805,
                    0.03449275367177677,
                    0.08307221164582147,
                    1.459173330550707
                ],
                [
                    0.08212854965410982,
                    0.027931019151914326,
                    -0.996230274334628,
                    0.11253703439354928
                ],
                [
                    -0.03668301698746222,
                    0.999014568519035,
                    0.024984958503548333,
                    1.986154284350741
                ],
                [
                    0.0,
                    0.0,
                    0.0,
                    1.0
                ]
            ],
            "colmap_im_id": 82
        },
        {
            "file_path": "images/frame_00082.jpg",
            "transform_matrix": [
                [
                    0.9986178262821922,
                    0.038001477938253904,
                    0.03630874145351153,
                    0.3095948841443224
                ],
                [
                    0.03515905823281599,
                    0.030497007076580034,
                    -0.9989162993882685,
                    0.42146871287007537
                ],
                [
                    -0.03906760365841497,
                    0.9988122046880883,
                    0.02911875873916284,
                    2.3766223762990677
                ],
                [
                    0.0,
                    0.0,
                    0.0,
                    1.0
                ]
            ],
            "colmap_im_id": 81
        },
        {
            "file_path": "images/frame_00081.jpg",
            "transform_matrix": [
                [
                    0.9991828238433723,
                    0.039017023699494745,
                    -0.010552554099250204,
                    -0.8389519428838708
                ],
                [
                    -0.012124492366666443,
                    0.040273913607566665,
                    -0.9991151127710866,
                    0.5593546031554173
                ],
                [
                    -0.038557505381380475,
                    0.9984266040848288,
                    0.040714064331647044,
                    2.4628264527901895
                ],
                [
                    0.0,
                    0.0,
                    0.0,
                    1.0
                ]
            ],
            "colmap_im_id": 80
        },
        {
            "file_path": "images/frame_00080.jpg",
            "transform_matrix": [
                [
                    0.9977241530677775,
                    0.03970632301529811,
                    -0.05449699347478448,
                    -1.9825236231513519
                ],
                [
                    -0.05596035292816116,
                    0.03672515034427052,
                    -0.9977573363460408,
                    0.6147352992784855
                ],
                [
                    -0.03761586480916715,
                    0.998536264361388,
                    0.03886354937293976,
                    2.2635903906078125
                ],
                [
                    0.0,
                    0.0,
                    0.0,
                    1.0
                ]
            ],
            "colmap_im_id": 79
        },
        {
            "file_path": "images/frame_00079.jpg",
            "transform_matrix": [
                [
                    0.9946754915364217,
                    0.04493255430822287,
                    -0.09274552334272819,
                    -2.773048699223136
                ],
                [
                    -0.09303668900243052,
                    0.004428219873535961,
                    -0.9956528337569358,
                    0.4264114492231554
                ],
                [
                    -0.04432652745527176,
                    0.9989802082284164,
                    0.008585017860599675,
                    1.4043661087385522
                ],
                [
                    0.0,
                    0.0,
                    0.0,
                    1.0
                ]
            ],
            "colmap_im_id": 78
        },
        {
            "file_path": "images/frame_00078.jpg",
            "transform_matrix": [
                [
                    0.9926458744703242,
                    0.04996553658765078,
                    -0.11026156651596043,
                    -2.964154877377774
                ],
                [
                    -0.10701703375790211,
                    -0.06353003640983655,
                    -0.9922254224516851,
                    0.03132633825345815
                ],
                [
                    -0.0565819969840715,
                    0.9967283379272774,
                    -0.057715665031441425,
                    -0.03651353037329488
                ],
                [
                    0.0,
                    0.0,
                    0.0,
                    1.0
                ]
            ],
            "colmap_im_id": 77
        },
        {
            "file_path": "images/frame_00077.jpg",
            "transform_matrix": [
                [
                    0.9925754924510802,
                    0.055360985232183975,
                    -0.1083007529965406,
                    -2.7847561961390657
                ],
                [
                    -0.10107881240986688,
                    -0.11982135035318507,
                    -0.9876365311597939,
                    -0.3842193246131479
                ],
                [
                    -0.06765327388461502,
                    0.9912507277745934,
                    -0.11333591319185674,
                    -1.6480015982298635
                ],
                [
                    0.0,
                    0.0,
                    0.0,
                    1.0
                ]
            ],
            "colmap_im_id": 76
        },
        {
            "file_path": "images/frame_00076.jpg",
            "transform_matrix": [
                [
                    0.9934817064557531,
                    0.05575448270839867,
                    -0.09942603580392743,
                    -2.5694383522330466
                ],
                [
                    -0.08819199125799126,
                    -0.17668593062980656,
                    -0.9803082446840022,
                    -0.6586138614418494
                ],
                [
                    -0.07222376074198422,
                    0.9826868878617431,
                    -0.17061714101721018,
                    -2.744468610730296
                ],
                [
                    0.0,
                    0.0,
                    0.0,
                    1.0
                ]
            ],
            "colmap_im_id": 75
        },
        {
            "file_path": "images/frame_00075.jpg",
            "transform_matrix": [
                [
                    0.9960454569922009,
                    0.05423765995101242,
                    -0.07036848618690036,
                    -1.9815140699286193
                ],
                [
                    -0.05918495215865523,
                    -0.18564306981732032,
                    -0.9808332131747879,
                    -1.0012325535462607
                ],
                [
                    -0.06626152007896692,
                    0.9811192215382594,
                    -0.18169888300422976,
                    -3.608433523531808
                ],
                [
                    0.0,
                    0.0,
                    0.0,
                    1.0
                ]
            ],
            "colmap_im_id": 74
        },
        {
            "file_path": "images/frame_00074.jpg",
            "transform_matrix": [
                [
                    0.9984481618119515,
                    0.04770282730638397,
                    -0.028735142966625164,
                    -1.1514300126417716
                ],
                [
                    -0.01912866403547344,
                    -0.19082275741537555,
                    -0.9814381129060612,
                    -1.2363272451564786
                ],
                [
                    -0.052300692027477655,
                    0.9804647446590674,
                    -0.1896141400161836,
                    -4.1464501022083775
                ],
                [
                    0.0,
                    0.0,
                    0.0,
                    1.0
                ]
            ],
            "colmap_im_id": 73
        },
        {
            "file_path": "images/frame_00073.jpg",
            "transform_matrix": [
                [
                    0.9987738299234122,
                    0.04100214778930534,
                    0.027742756474128178,
                    -0.09173098032656005
                ],
                [
                    0.035262345022783075,
                    -0.19587664261700005,
                    -0.979994340749265,
                    -1.4427866367287185
                ],
                [
                    -0.03474771479699094,
                    0.9797709756640866,
                    -0.19708229642114228,
                    -4.504761774261686
                ],
                [
                    0.0,
                    0.0,
                    0.0,
                    1.0
                ]
            ],
            "colmap_im_id": 72
        },
        {
            "file_path": "images/frame_00072.jpg",
            "transform_matrix": [
                [
                    0.9961010204279864,
                    0.03546909259038424,
                    0.08077561868001319,
                    1.0217103921517365
                ],
                [
                    0.08609033782878664,
                    -0.19085140576709209,
                    -0.9778364866629033,
                    -1.539896231270465
                ],
                [
                    -0.019266832506915445,
                    0.9809779224771268,
                    -0.19316082619830285,
                    -4.46648886757824
                ],
                [
                    0.0,
                    0.0,
                    0.0,
                    1.0
                ]
            ],
            "colmap_im_id": 71
        },
        {
            "file_path": "images/frame_00071.jpg",
            "transform_matrix": [
                [
                    0.9908223283562619,
                    0.030731484719459447,
                    0.1316308834491863,
                    2.0924886118503654
                ],
                [
                    0.13502471880973907,
                    -0.17977993515534094,
                    -0.9743959668563351,
                    -1.5471749300529798
                ],
                [
                    -0.006280043075213407,
                    0.9832267036459491,
                    -0.1822794840252035,
                    -4.107765431515982
                ],
                [
                    0.0,
                    0.0,
                    0.0,
                    1.0
                ]
            ],
            "colmap_im_id": 70
        },
        {
            "file_path": "images/frame_00070.jpg",
            "transform_matrix": [
                [
                    0.9837156025581403,
                    0.03459612243687038,
                    0.17637097719298392,
                    3.0578765539391575
                ],
                [
                    0.17970892585923942,
                    -0.1735843489134778,
                    -0.9682836236241956,
                    -1.422686371335878
                ],
                [
                    -0.0028836175532412672,
                    0.9842111471247504,
                    -0.176974864388109,
                    -3.3591280226117646
                ],
                [
                    0.0,
                    0.0,
                    0.0,
                    1.0
                ]
            ],
            "colmap_im_id": 69
        },
        {
            "file_path": "images/frame_00069.jpg",
            "transform_matrix": [
                [
                    0.9764771289708362,
                    0.03364063995645368,
                    0.21298057174351234,
                    3.829482317824673
                ],
                [
                    0.21560927096275456,
                    -0.1420356892344401,
                    -0.9660944598012179,
                    -1.3558836865954391
                ],
                [
                    -0.0022491935849625277,
                    0.9892897302241735,
                    -0.14594783589077145,
                    -2.591319349312517
                ],
                [
                    0.0,
                    0.0,
                    0.0,
                    1.0
                ]
            ],
            "colmap_im_id": 68
        },
        {
            "file_path": "images/frame_00068.jpg",
            "transform_matrix": [
                [
                    0.9702677720690941,
                    0.03550033754290776,
                    0.2394163246698435,
                    4.315494188974283
                ],
                [
                    0.24178485026866353,
                    -0.09729707406940137,
                    -0.9654394675784149,
                    -1.1057123241480127
                ],
                [
                    -0.010978919101453275,
                    0.994622041487053,
                    -0.10298765908345867,
                    -1.5191183594905526
                ],
                [
                    0.0,
                    0.0,
                    0.0,
                    1.0
                ]
            ],
            "colmap_im_id": 67
        },
        {
            "file_path": "images/frame_00067.jpg",
            "transform_matrix": [
                [
                    0.9688012469689745,
                    0.028560304198538028,
                    0.24618784067343114,
                    4.496598296419794
                ],
                [
                    0.24732669588555142,
                    -0.047578469081706994,
                    -0.967763294810346,
                    -0.6603278378052073
                ],
                [
                    -0.015926373526189867,
                    0.998459111984025,
                    -0.05315780584614319,
                    -0.05083484941730501
                ],
                [
                    0.0,
                    0.0,
                    0.0,
                    1.0
                ]
            ],
            "colmap_im_id": 66
        },
        {
            "file_path": "images/frame_00066.jpg",
            "transform_matrix": [
                [
                    0.9710293274018287,
                    0.01803538220239224,
                    0.23827876597457412,
                    4.2481743565043315
                ],
                [
                    0.23804788010699018,
                    0.01404910093668983,
                    -0.9711518056099359,
                    -0.33222078129405536
                ],
                [
                    -0.020862696424965216,
                    0.9997386397212444,
                    0.009348804532955514,
                    0.8377658493596943
                ],
                [
                    0.0,
                    0.0,
                    0.0,
                    1.0
                ]
            ],
            "colmap_im_id": 65
        },
        {
            "file_path": "images/frame_00065.jpg",
            "transform_matrix": [
                [
                    0.9749636026308887,
                    0.014893300269621056,
                    0.22186519139350727,
                    3.9044406967387135
                ],
                [
                    0.2209395503497842,
                    0.047892554644549785,
                    -0.9741108860395997,
                    0.14297763978425015
                ],
                [
                    -0.02513341672423142,
                    0.9987414544398853,
                    0.04340297855065256,
                    1.7585909091963168
                ],
                [
                    0.0,
                    0.0,
                    0.0,
                    1.0
                ]
            ],
            "colmap_im_id": 64
        },
        {
            "file_path": "images/frame_00063.jpg",
            "transform_matrix": [
                [
                    0.9903272251861456,
                    0.0015074126069489857,
                    0.13874334132614094,
                    1.89886213635514
                ],
                [
                    0.13817495017992612,
                    0.08035005675028353,
                    -0.9871431261590193,
                    0.9777858086061363
                ],
                [
                    -0.012636067342514504,
                    0.9967655672661745,
                    0.07936456208319183,
                    3.0848695786245273
                ],
                [
                    0.0,
                    0.0,
                    0.0,
                    1.0
                ]
            ],
            "colmap_im_id": 63
        },
        {
            "file_path": "images/frame_00036.jpg",
            "transform_matrix": [
                [
                    0.995590883058461,
                    -0.0024559531901855655,
                    -0.09376972786993391,
                    -2.897795262910241
                ],
                [
                    -0.09274256866852287,
                    0.12403839248640242,
                    -0.9879338505923123,
                    1.656084698900346
                ],
                [
                    0.014057365600928486,
                    0.992274380140552,
                    0.12326372130130188,
                    4.0513450249786995
                ],
                [
                    0.0,
                    0.0,
                    0.0,
                    1.0
                ]
            ],
            "colmap_im_id": 62
        },
        {
            "file_path": "images/frame_00062.jpg",
            "transform_matrix": [
                [
                    0.99685810589624,
                    -0.007019185737205106,
                    0.07889643680513868,
                    0.4794910784266399
                ],
                [
                    0.07920659228681019,
                    0.09439990915198705,
                    -0.9923784423748873,
                    1.3465578020900528
                ],
                [
                    -0.0004821278581929576,
                    0.9955096123009978,
                    0.09465928041689912,
                    3.422608154937314
                ],
                [
                    0.0,
                    0.0,
                    0.0,
                    1.0
                ]
            ],
            "colmap_im_id": 61
        },
        {
            "file_path": "images/frame_00061.jpg",
            "transform_matrix": [
                [
                    0.9997064101460925,
                    -0.004458892597831943,
                    0.02381620854824391,
                    -0.39824586331101164
                ],
                [
                    0.024141145475126535,
                    0.09918833056200815,
                    -0.9947757939231688,
                    1.4693227855970288
                ],
                [
                    0.002073308457809471,
                    0.9950586883983893,
                    0.09926685264939136,
                    3.331916766885414
                ],
                [
                    0.0,
                    0.0,
                    0.0,
                    1.0
                ]
            ],
            "colmap_im_id": 60
        },
        {
            "file_path": "images/frame_00030.jpg",
            "transform_matrix": [
                [
                    0.9892616000522222,
                    0.013897714201507995,
                    -0.14549343697256747,
                    -3.266825106417135
                ],
                [
                    -0.14246891199932515,
                    -0.13048415854745882,
                    -0.9811607888016571,
                    0.02303001714712981
                ],
                [
                    -0.03262048092603479,
                    0.9913529835069519,
                    -0.12710297524456052,
                    -2.0549229136732783
                ],
                [
                    0.0,
                    0.0,
                    0.0,
                    1.0
                ]
            ],
            "colmap_im_id": 29
        },
        {
            "file_path": "images/frame_00029.jpg",
            "transform_matrix": [
                [
                    0.9937818973996293,
                    0.019684523731948785,
                    -0.10959041895274996,
                    -2.333553195565843
                ],
                [
                    -0.10408598294158652,
                    -0.1853102002118875,
                    -0.9771521057913729,
                    -0.32380715723407527
                ],
                [
                    -0.03954299629361268,
                    0.9824829002190708,
                    -0.18210903937269782,
                    -2.890874093675425
                ],
                [
                    0.0,
                    0.0,
                    0.0,
                    1.0
                ]
            ],
            "colmap_im_id": 28
        },
        {
            "file_path": "images/frame_00028.jpg",
            "transform_matrix": [
                [
                    0.9977879556258351,
                    0.027676858112005005,
                    -0.060441601013410985,
                    -1.1598123226798231
                ],
                [
                    -0.05361682919221949,
                    -0.20244564603130014,
                    -0.9778246243730733,
                    -0.6020918672930184
                ],
                [
                    -0.03929925235152421,
                    0.9789023199114495,
                    -0.20051388190495378,
                    -3.396818345274916
                ],
                [
                    0.0,
                    0.0,
                    0.0,
                    1.0
                ]
            ],
            "colmap_im_id": 27
        },
        {
            "file_path": "images/frame_00027.jpg",
            "transform_matrix": [
                [
                    0.9991071349046554,
                    0.042134045470692064,
                    -0.0031072809470984258,
                    0.10372410921008576
                ],
                [
                    0.005997966098994126,
                    -0.2142607576343942,
                    -0.9767580827106632,
                    -0.8466228716963405
                ],
                [
                    -0.0418205378407053,
