{"default_fov": 50.0, "default_transition_sec": 2.0, "keyframes": [{"matrix": [0.8101348113286566, 0.0044438804416201405, 0.5862267815445679, -0.2366915225982662, 0.5861310543338327, 0.01345556580709778, -0.8101045209689429, -0.6273532390594481, -0.011488020673357968, 0.9998995947971133, 0.008296125937873183, 0.06790398955345155, 0.0, 0.0, 0.0, 1.0], "fov": 50.0, "aspect": 1.0, "override_transition_enabled": false, "override_transition_sec": null}, {"matrix": [0.3860976617561483, -0.2775164196743904, 0.8797233840233774, -0.03610670566558766, 0.922448966453441, 0.1203537038619446, -0.3668826655154068, 0.13277938365936243, -0.004062003866744768, 0.9531524656516496, 0.3024630181472895, 0.4959706783294685, 0.0, 0.0, 0.0, 1.0], "fov": 50.0, "aspect": 1.0, "override_transition_enabled": false, "override_transition_sec": null}, {"matrix": [-0.025916446205120458, -0.07911604935552241, 0.9965284685097922, 0.12717896699905407, 0.9996379830301126, 0.005156480212532677, 0.02640669603161655, 0.7962308883666974, -0.007227772795649956, 0.9968520760103741, 0.07895377036102935, 0.12566442489624, 0.0, 0.0, 0.0, 1.0], "fov": 50.0, "aspect": 1.0, "override_transition_enabled": false, "override_transition_sec": null}, {"matrix": [0.4601412973657599, 0.12724981410543867, 0.878679390488184, 0.19578723907470708, 0.8867759743431186, -0.11443730276446581, -0.44780852500126295, -0.034711971879006556, 0.043570147880951204, 0.9852469683009055, -0.1654994068494106, -0.4718280315399171, 0.0, 0.0, 0.0, 1.0], "fov": 50.0, "aspect": 1.0, "override_transition_enabled": false, "override_transition_sec": null}], "camera_type": "perspective", "render_height": 512.0, "render_width": 512.0, "fps": 30.0, "seconds": 8.0, "is_cycle": true, "smoothness_value": 0.0, "camera_path": [{"camera_to_world": [0.8101348113286566, 0.0044438804416201405, 0.5862267815445679, -0.2366915225982662, 0.5861310543338327, 0.01345556580709778, -0.8101045209689429, -0.6273532390594481, -0.011488020673357968, 0.9998995947971133, 0.008296125937873183, 0.06790398955345155, 0.0, 0.0, 0.0, 1.0], "fov": 50.0, "aspect": 1.0}, {"camera_to_world": [0.8097411702400032, 0.0028730151639519974, 0.5867801828642629, -0.23748535916177443, 0.5866819854043949, 0.01497352957931082, -0.8096789742940687, -0.6261492339986996, -0.01111239039575146, 0.9998837628423642, 0.010439137123690156, 0.07215200219902866, 0.0, 0.0, 0.0, 1.0], "fov": 50.0, "aspect": 1.0}, {"camera_to_world": [0.8089209426499149, 0.0010016455271074642, 0.5879165801783541, -0.23794123737756814, 0.5878214632896729, 0.016689905311708456, -0.8088185052016761, -0.6239537670825089, -0.010622421492337109, 0.9998602121131352, 0.0129120251980432, 0.07681994452404757, 0.0, 0.0, 0.0, 1.0], "fov": 50.0, "aspect": 1.0}, {"camera_to_world": [0.807684537105373, -0.0011615062046615998, 0.5896137205189647, -0.23806938434280417, 0.5895296235838139, 0.018594366371323987, -0.8075327067409566, -0.6207980187657287, -0.010025539287542296, 0.9998264351589157, 0.015703124511014924, 0.0818911569843069, 0.0, 0.0, 0.0, 1.0], "fov": 50.0, "aspect": 1.0}, {"camera_to_world": [0.8060412416840168, -0.003607996288423565, 0.5918483750651606, -0.23788002715463952, 0.5917858343724824, 0.020676093524531175, -0.8058300226428832, -0.6167131695032118, -0.009329680624393266, 0.999779716497263, 0.018800945191645532, 0.08734898003560529, 0.0, 0.0, 0.0, 1.0], "fov": 50.0, "aspect": 1.0}, {"camera_to_world": [0.8039993756650075, -0.006329599075614423, 0.5945964514742922, -0.2373833929102312, 0.5945687658569669, 0.02292383599967414, -0.8037179109677621, -0.6117303997498107, -0.008543219393268742, 0.9997171769648667, 0.02219413174234243, 0.09317675413374138, 0.0, 0.0, 0.0, 1.0], "fov": 50.0, "aspect": 1.0}, {"camera_to_world": [0.8015664381820877, -0.009318248017066766, 0.5978330999819045, -0.23658970870673612, 0.5978564553192804, 0.02532597023966364, -0.8012030042782448, -0.6058808899603783, -0.007674894992543924, 0.999635816427819, 0.02587142248778218, 0.09935781973451381, 0.0, 0.0, 0.0, 1.0], "fov": 50.0, "aspect": 1.0}, {"camera_to_world": [0.798749253204382, -0.012565978552674661, 0.601532814307296, -0.2355092016413114, 0.601626368441528, 0.027870556697908194, -0.79829126568265, -0.599195820589767, -0.006733743483448018, 0.999532554873708, 0.029821610391404352, 0.10587551729372122, 0.0, 0.0, 0.0, 1.0], "fov": 50.0, "aspect": 1.0}, {"camera_to_world": [0.7955541102560528, -0.016064873290254578, 0.6056695282915165, -0.23415209881111382, 0.6058554578906015, 0.030545394984882082, -0.7949881401564349, -0.5917063720928296, -0.0057290312331033655, 0.9994042718997083, 0.03403350569283922, 0.11271318726716224, 0.0, 0.0, 0.0, 1.0], "fov": 50.0, "aspect": 1.0}, {"camera_to_world": [0.7919869003437953, -0.01980700983320971, 0.6102167090839898, -0.23252862731330054, 0.6105202199772285, 0.033338077626148696, -0.7912987006049926, -0.5834437249244189, -0.004670190872325952, 0.9992478446019587, 0.03849590076301665, 0.11985417011063552, 0.0, 0.0, 0.0, 1.0], "fov": 50.0, "aspect": 1.0}, {"camera_to_world": [0.7880532466127304, -0.023784411574222897, 0.6151474475840757, -0.23064901424502843, 0.6155967500972692, 0.03623604264641553, -0.7872277881801477, -0.5744390595393875, -0.003566759427748478, 0.9990601838625115, 0.0431975375199726, 0.12728180627993974, 0.0, 0.0, 0.0, 1.0], "fov": 50.0, "aspect": 1.0}, {"camera_to_world": [0.7837586292979234, -0.02798900173193619, 0.6204345467356649, -0.22852348670345446, 0.6210607975634937, 0.039226625148656644, -0.7827801464071786, -0.564723556392588, -0.002428318520560857, 0.9988382690213149, 0.04812707769713688, 0.13497943623087344, 0.0, 0.0, 0.0, 1.0], "fov": 50.0, "aspect": 1.0}, {"camera_to_world": [0.7791085045816413, -0.032412560869022, 0.6260506081671597, -0.2261622717857356, 0.626887820338499, 0.042297108012961465, -0.7779605487201684, -0.5543283959388731, -0.001264436556136339, 0.9985791809123861, 0.05327307620687671, 0.14293040041923535, 0.0, 0.0, 0.0, 1.0], "fov": 50.0, "aspect": 1.0}, {"camera_to_world": [0.7741084170066829, -0.037046688092823965, 0.63196811756667, -0.22357559658902892, 0.6330530400843768, 0.045434771796924234, -0.7727739190421025, -0.5432847586330956, -8.461285955146947e-05, 0.9982801332357137, 0.05862395779499677, 0.15111803930082407, 0.0, 0.0, 0.0, 1.0], "fov": 50.0, "aspect": 1.0}, {"camera_to_world": [0.7687641051345526, -0.04188276610359837, 0.6381595290835842, -0.22077368821049131, 0.639531497852722, 0.04862694387853067, -0.7672254450833133, -0.5316238249301082, 0.001101776258856546, 0.9979385022297443, 0.06416799713665618, 0.15952569333143823, 0.0, 0.0, 0.0, 1.0], "fov": 50.0, "aspect": 1.0}, {"camera_to_world": [0.7630816001746904, -0.04691193022005091, 0.6445973489534866, -0.21776677374727976, 0.6462981106499956, 0.05186104684380241, -0.7613206840684883, -0.5193767752847632, 0.002285529496634686, 0.9975518546037063, 0.06989330248046664, 0.16813670296687647, 0.0, 0.0, 0.0, 1.0], "fov": 50.0, "aspect": 1.0}, {"camera_to_world": [0.7570673173480986, -0.05212504147720565, 0.6512542184541708, -0.21456508029655125, 0.6533277290285088, 0.05512464608540618, -0.7550656606391329, -0.5065747901519139, 0.003457670574914473, 0.997117973684638, 0.0757878029054614, 0.17693440866293747, 0.0, 0.0, 0.0, 1.0], "fov": 50.0, "aspect": 1.0}, {"camera_to_world": [0.7507281397859944, -0.05751266385752918, 0.6581029962167557, -0.21117883495546277, 0.6605951957727778, 0.05840549654509036, -0.7484669567156899, -0.4932490499864125, 0.004609496218206055, 0.9966348837309138, 0.08183923921495148, 0.1859021508754198, 0.0, 0.0, 0.0, 1.0], "fov": 50.0, "aspect": 1.0}, {"camera_to_world": [0.7440714948020068, -0.06306504568261939, 0.6651168398380515, -0.20761826482117124, 0.6680754056750484, 0.061691588502539, -0.7415317931418404, -0.4794307352431117, 0.005732622020206524, 0.9961008723623741, 0.08803515845212587, 0.1950232700601222, 0.0, 0.0, 0.0, 1.0], "fov": 50.0, "aspect": 1.0}, {"camera_to_world": [0.7371054224151936, -0.06877210515965548, 0.6722692866686893, -0.2038935969908337, 0.6757433663227153, 0.06497119228614434, -0.7342681029731319, -0.4651510263768645, 0.006819026100828296, 0.9955145110568839, 0.09436291198458248, 0.20428110667284322, 0.0, 0.0, 0.0, 1.0], "fov": 50.0, "aspect": 1.0}, {"camera_to_world": [0.7298386360409157, -0.07462342004423067, 0.6795343335864923, -0.20001505856160712, 0.6835742597545178, 0.0682329017574492, -0.7266845963131608, -0.4504411038425233, 0.00786109044592831, 0.9948746736643067, 0.1008096570688559, 0.21365900116938152, 0.0, 0.0, 0.0, 1.0], "fov": 50.0, "aspect": 1.0}, {"camera_to_world": [0.7222805753074839, -0.08060822134924278, 0.6868865155063111, -0.19599287663064846, 0.6915435047819873, 0.0714656764007554, -0.7187908166430818, -0.43533214809494086, 0.008851639810551926, 0.9941805528914224, 0.10736236177157363, 0.22314029400553576, 0.0, 0.0, 0.0, 1.0], "fov": 50.0, "aspect": 1.0}, {"camera_to_world": [0.7144414509983994, -0.08671539099832326, 0.694300982326332, -0.19183727829511468, 0.6996268197179436, 0.07465888183265046, -0.7105971886342178, -0.4198553395889699, 0.009783978058930831, 0.9934316747152298, 0.11400781309119179, 0.23270832563710458, 0.0, 0.0, 0.0, 1.0], "fov": 50.0, "aspect": 1.0}, {"camera_to_world": [0.7063322821628396, -0.09293346329201041, 0.7017535739668073, -0.18755849065216273, 0.7078002852050778, 0.07780232853306493, -0.7021150574787894, -0.4040418587794631, 0.010651921809954834, 0.9926279106872754, 0.12073262809352336, 0.24234643651988663, 0.0, 0.0, 0.0, 1.0], "fov": 50.0, "aspect": 1.0}, {"camera_to_world": [0.6979649254805842, -0.09925063002566942, 0.7092208931203241, -0.18316674079894962, 0.7160404067949706, 0.08088630858990795, -0.6933567198200297, -0.38792288612127296, 0.011449831255328835, 0.9917694880980186, 0.1275232678455921, 0.2520379671096805, 0.0, 0.0, 0.0, 1.0], "fov": 50.0, "aspect": 1.0}, {"camera_to_world": [0.6893520970115333, -0.10565474907027966, 0.7166803753031736, -0.1786722558326324, 0.7243241768914384, 0.08390163024330596, -0.6843354464099138, -0.37152960206925245, 0.012172638019016524, 0.9908569979777162, 0.13436605390591097, 0.26176625786228486, 0.0, 0.0, 0.0, 1.0], "fov": 50.0, "aspect": 1.0}, {"camera_to_world": [0.6805073865040244, -0.11213335620082299, 0.724110355775003, -0.1740852628503679, 0.7326291356418886, 0.08683965001294117, -0.6750654966699519, -0.35489318707825407, 0.012815869930729695, 0.9898914009186912, 0.14124718710526374, 0.2715146492334983, 0.0, 0.0, 0.0, 1.0], "fov": 50.0, "aspect": 1.0}, {"camera_to_world": [0.6714452644798802, -0.11867367993236394, 0.7314901328786703, -0.1694159889493132, 0.7409334303365109, 0.08969230219277113, -0.6655621253775876, -0.33804482160313054, 0.01337567259297956, 0.9888740307130488, 0.14815276833057803, 0.28126648167911955, 0.0, 0.0, 0.0, 1.0], "fov": 50.0, "aspect": 1.0}, {"camera_to_world": [0.6621810823571084, -0.125262659101247, 0.7388000273438363, -0.16467466122662525, 0.7492158728575057, 0.09245212550148313, -0.6558415817471656, -0.3210156860987346, 0.013848827630326244, 0.9878065958096974, 0.15506882100578023, 0.29100509565494714, 0.0, 0.0, 0.0, 1.0], "fov": 50.0, "aspect": 1.0}, {"camera_to_world": [0.652731065912926, -0.13188696290836088, 0.7460214370961361, -0.159871506779461, 0.7574559947091812, 0.09511228668403118, -0.6459211012196917, -0.3038369610199188, 0.014232767520768519, 0.9866911786048069, 0.16198131494760887, 0.3007138316167798, 0.0, 0.0, 0.0, 1.0], "fov": 50.0, "aspect": 1.0}, {"camera_to_world": [0.6431123024298537, -0.1385330131233527, 0.7531368871183626, -0.15501675270497742, 0.7656340991543762, 0.09766660086951154, -0.6358188903191397, -0.2865398268215359, 0.014525586922361444, 0.9855302325903355, 0.16887619126152864, 0.3103760300204162, 0.0, 0.0, 0.0, 1.0], "fov": 50.0, "aspect": 1.0}, {"camera_to_world": [0.6333427219054599, -0.14518700813325047, 0.7601300739207065, -0.15012062610033153, 0.7737313099832038, 0.10010954850301274, -0.6255541049743008, -0.26915546395843853, 0.014726050422928294, 0.9843265773958552, 0.17573938793310667, 0.31997503132165483, 0.0, 0.0, 0.0, 1.0], "fov": 50.0, "aspect": 1.0}, {"camera_to_world": [0.6234410727414823, -0.1518349485063239, 0.7669859041931812, -0.14519335406268027, 0.7817296164462328, 0.10243628868378923, -0.6151468227435767, -0.25171505288547946, 0.01483359665676981, 0.9830833917693725, 0.1825568657636598, 0.3294941759762945, 0.0, 0.0, 0.0, 1.0], "fov": 50.0, "aspect": 1.0}, {"camera_to_world": [0.6134268923600021, -0.15846266373236007, 0.7736905272344979, -0.1402451636891806, 0.7896119138956406, 0.10464266875874717, -0.604618009415127, -0.23424977405751135, 0.01484833874929814, 0.9818042045529709, 0.1893146342956455, 0.3389168044401337, 0.0, 0.0, 0.0, 1.0], "fov": 50.0, "aspect": 1.0}, {"camera_to_world": [0.6033204732226143, -0.16505583979403754, 0.7802313607772542, -0.1352862820769896, 0.797362039694242, 0.10672523003858281, -0.59398948048585, -0.2167908079293869, 0.014771061068147018, 0.9804928837187431, 0.1959987773732899, 0.3482262571689712, 0.0, 0.0, 0.0, 1.0], "fov": 50.0, "aspect": 1.0}, {"camera_to_world": [0.5931428247526849, -0.1716000472207876, 0.7865971098588078, -0.13032693632326406, 0.8049648039731874, 0.10868120952350996, -0.5832838580493336, -0.19936933495595852, 0.014603212277236322, 0.9791536235393967, 0.202595477987184, 0.3574058746186056, 0.0, 0.0, 0.0, 1.0], "fov": 50.0, "aspect": 1.0}, {"camera_to_world": [0.5829156316803861, -0.1780807692766233, 0.7927777784199697, -0.1253773535251611, 0.8124060148441112, 0.1105085375461034, -0.572524523644648, -0.18201653559207936, 0.014346894708131497, 0.9777909299759676, 0.20909104205815773, 0.3664389972448354, 0.0, 0.0, 0.0, 1.0], "fov": 50.0, "aspect": 1.0}, {"camera_to_world": [0.5726612093449044, -0.18448342993686156, 0.7987646733490177, -0.12044776077983768, 0.8196724977000602, 0.1122058312599708, -0.5617355676342776, -0.16476359029260168, 0.01400485008047564, 0.9764096043720537, 0.21547192082550637, 0.3753089655034595, 0.0, 0.0, 0.0, 1.0], "fov": 50.0, "aspect": 1.0}, {"camera_to_world": [0.5624024564976168, -0.19079342131557442, 0.8045504007258614, -0.11554838518445079, 0.8267521082711868, 0.11377238392435485, -0.5509417356901883, -0.1476416795123785, 0.013580441619995498, 0.9750147255497567, 0.22172473151757102, 0.38399911985027624, 0.0, 0.0, 0.0, 1.0], "fov": 50.0, "aspect": 1.0}, {"camera_to_world": [0.5521628061539318, -0.19699613021593404, 0.8101288540597491, -0.11068945383615728, 0.8336337391353565, 0.11520814995606721, -0.5401683729717105, -0.1306819837062622, 0.013077632638211767, 0.9736116304069334, 0.2278362759986497, 0.3924928007410845, 0.0, 0.0, 0.0, 1.0], "fov": 50.0, "aspect": 1.0}, {"camera_to_world": [0.5419661750395743, -0.20307696348933357, 0.815495194353054, -0.10588119383211421, 0.8403073194199503, 0.11651372574094099, -0.5294413665772842, -0.11391568332910555, 0.012500961652250953, 0.9722058931182821, 0.23379355710509284, 0.4007733486316828, 0.0, 0.0, 0.0, 1.0], "fov": 50.0, "aspect": 1.0}, {"camera_to_world": [0.5318369121691973, -0.20902137190629122, 0.8206458218627237, -0.10113383226947863, 0.8467638074687123, 0.11769032621698833, -0.5187870868439465, -0.09737395883576153, 0.011855514135757417, 0.9708033030441082, 0.23958379240513344, 0.4088241039778698, 0.0, 0.0, 0.0, 1.0], "fov": 50.0, "aspect": 1.0}, {"camera_to_world": [0.5217997470812269, -0.21481487226246815, 0.8255783394692638, -0.09645759624540744, 0.8529951762858596, 0.11873975726029562, -0.5082323280536386, -0.08108799068108237, 0.011146891002560944, 0.9694098414502638, 0.24519442514125697, 0.41662840723544414, 0.0, 0.0, 0.0, 1.0], "fov": 50.0, "aspect": 1.0}, {"camera_to_world": [0.5118797382326326, -0.22044306746671227, 0.8302915076000466, -0.09186271285705756, 0.8589943916083845, 0.11966438392211387, -0.4978042490837962, -0.06508895931992091, 0.010381173933272647, 0.9680316571406162, 0.2506131321406755, 0.42416959886020456, 0.0, 0.0, 0.0, 1.0], "fov": 50.0, "aspect": 1.0}, {"camera_to_world": [0.5021022220308895, -0.22589166438462638, 0.8347851906887103, -0.08735940920158605, 0.864755382495925, 0.1204670945813579, -0.4875303145112641, -0.04940804520712998, 0.009564887661096366, 0.9666750410994736, 0.25582782850847396, 0.4314310193079495, 0.0, 0.0, 0.0, 1.0], "fov": 50.0, "aspect": 1.0}, {"camera_to_world": [0.49249276294774635, -0.23114648924070513, 0.8390602951849118, -0.08295791237614983, 0.87027300436532, 0.12115126109051833, -0.47743823664337626, -0.03407642879756212, 0.00870495933675497, 0.9653464002356218, 0.2608266689490778, 0.4383960090344778, 0.0, 0.0, 0.0, 1.0], "fov": 50.0, "aspect": 1.0}, {"camera_to_world": [0.4830771051205972, -0.23619350041442277, 0.8431186991582416, -0.07866844947790592, 0.8755429944335059, 0.12172069500474647, -0.4675559189080718, -0.019125290546069883, 0.007808675093340545, 0.9640522303120012, 0.2655980455947352, 0.445047908495588, 0.0, 0.0, 0.0, 1.0], "fov": 50.0, "aspect": 1.0}, {"camera_to_world": [0.47388112580233727, -0.24101879850063307, 0.8469631735663721, -0.0745012476040113, 0.880561919567401, 0.12217959999329536, -0.45791140098631755, -0.00458581090750636, 0.006883633930072575, 0.9627990881356242, 0.27013058225444814, 0.45137005814707865, 0.0, 0.0, 0.0, 1.0], "fov": 50.0, "aspect": 1.0}, {"camera_to_world": [0.4649307909697581, -0.2456086335421262, 0.8505972952800902, -0.07046653385162283, 0.8853271165724412, 0.12253252053963504, -0.44853280601504675, 0.009510829663276432, 0.005937699029305299, 0.9615935630711002, 0.2744131250331584, 0.45734579844474865, 0.0, 0.0, 0.0, 1.0], "fov": 50.0, "aspect": 1.0}, {"camera_to_world": [0.4562521133438757, -0.24994940938204802, 0.8540253519766335, -0.06657453531789767, 0.889836624982286, 0.12278428704127042, -0.439448290127407, 0.023133450711424874, 0.00497894661367515, 0.9604422479281784, 0.27843472930883795, 0.46295846984439637, 0.0, 0.0, 0.0, 1.0], "fov": 50.0, "aspect": 1.0}, {"camera_to_world": [0.44787111301329563, -0.2540276851259716, 0.8572522390275643, -0.06283547909999265, 0.8940891124406801, 0.12293995742260277, -0.43068599452961737, 0.03625087178208721, 0.004015612440055827, 0.9593517092591586, 0.2821846430943087, 0.4681914128018205, 0.0, 0.0, 0.0, 1.0], "fov": 50.0, "aspect": 1.0}, {"camera_to_world": [0.43981378078407174, -0.25783017374760475, 0.8602833485182081, -0.059259592295064834, 0.8980837927923548, 0.12300475537417987, -0.4222740002404096, 0.048831912420410094, 0.003056036014118191, 0.958328457085888, 0.28565228685109845, 0.47302796777281964, 0.0, 0.0, 0.0, 1.0], "fov": 50.0, "aspect": 1.0}, {"camera_to_world": [0.4321060443064924, -0.2613437379183595, 0.8631244505427104, -0.055857102000271164, 0.9018203370233436, 0.12298400532945569, -0.4142402855399601, 0.06084539217154132, 0.0021086025938533703, 0.9573789140585793, 0.28882722986435494, 0.4774514752131928, 0.0, 0.0, 0.0, 1.0], "fov": 50.0, "aspect": 1.0}, {"camera_to_world": [0.42477373695133785, -0.2645553831891572, 0.8657815669220694, -0.052638235312768566, 0.9052987772120351, 0.12288306428597223, -0.406612686090933, 0.072260130580628, 0.0011816830326648597, 0.9565093840299361, 0.29169916333078927, 0.48144527557873823, 0.0, 0.0, 0.0, 1.0], "fov": 50.0, "aspect": 1.0}, {"camera_to_world": [0.4178425693252954, -0.2674522487029026, 0.8682608374926261, -0.049613219329714076, 0.9085194036710742, 0.12270725057186815, -0.39941885760470625, 0.08304494719281745, 0.00028357149277535854, 0.9557260200082729, 0.29425787035584106, 0.48499270932525473, 0.0, 0.0, 0.0, 1.0], "fov": 50.0, "aspect": 1.0}, {"camera_to_world": [0.41133810322781145, -0.27002159566798445, 0.8705683791097983, -0.046792281148264704, 0.9114826554770469, 0.12246176965118444, -0.3926862408315462, 0.0931686615532568, -0.0005775789619524296, 0.9550347914326554, 0.2964931931018434, 0.4880771169085407, 0.0, 0.0, 0.0, 1.0], "fov": 50.0, "aspect": 1.0}, {"camera_to_world": [0.40528572775980337, -0.27225079387691903, 0.8727101375070612, -0.04418564786557733, 0.9141890046002019, 0.12215163705294224, -0.3864420285545788, 0.10260009320709376, -0.0013938229077945508, 0.9544414506918029, 0.29839499737600855, 0.4906818387843952, 0.0, 0.0, 0.0, 1.0], "fov": 50.0, "aspect": 1.0}, {"camera_to_world": [0.39971063719845207, -0.27412730660996765, 0.8746917321440579, -0.041803546578808935, 0.9166388338608631, 0.12178159849985964, -0.380713134164053, 0.11130806169947549, -0.0021574912756834874, 0.953951498786801, 0.29995313499580484, 0.49279021540861656, 0.0, 0.0, 0.0, 1.0], "fov": 50.0, "aspect": 1.0}, {"camera_to_world": [0.39463781015216076, -0.2756386743211473, 0.8765182941711986, -0.039656204385116633, 0.9188323089532445, 0.12135604730341326, -0.3755261612811305, 0.11926138657554927, -0.002861262301307177, 0.9535701500159139, 0.30115740431985205, 0.4943855872370033, 0.0, 0.0, 0.0, 1.0], "fov": 50.0, "aspect": 1.0}, {"camera_to_world": [0.39009198940550266, -0.2767724975637674, 0.8781942976323472, -0.037753848381657115, 0.9207692447920668, 0.12087893908329733, -0.37090737378912253, 0.12642888738046237, -0.0034982347983664175, 0.953302295538205, 0.3019975093852342, 0.4954512947253546, 0.0, 0.0, 0.0, 1.0], "fov": 50.0, "aspect": 1.0}, {"camera_to_world": [0.3860976617561483, -0.2775164196743904, 0.8797233840233774, -0.03610670566558766, 0.922448966453441, 0.1203537038619446, -0.3668826655154068, 0.13277938365936243, -0.004062003866744768, 0.9531524656516496, 0.3024630181472895, 0.4959706783294685, 0.0, 0.0, 0.0, 1.0], "fov": 50.0, "aspect": 1.0}, {"camera_to_world": [0.38218269866143995, -0.2779336262262944, 0.8812997698039877, -0.03452197090808093, 0.9240752507340859, 0.11971086926263375, -0.3629796671455872, 0.13907308251225453, -0.004616906388008157, 0.9531118545024437, 0.30258300841639674, 0.4959643197031561, 0.0, 0.0, 0.0, 1.0], "fov": 50.0, "aspect": 1.0}, {"camera_to_world": [0.3778677719379888, -0.2780992323906431, 0.8831063151593671, -0.03280331016436698, 0.9258448098821213, 0.11888403254847457, -0.3587171236773517, 0.1460722209754086, -0.005228283175118809, 0.9531670387443896, 0.3023991754391741, 0.4954734087692926, 0.0, 0.0, 0.0, 1.0], "fov": 50.0, "aspect": 1.0}, {"camera_to_world": [0.3731663057149286, -0.2780186342424202, 0.8851285484566926, -0.03095565760768878, 0.9277457622961964, 0.1178809649479089, -0.35410715700815637, 0.15374866349836774, -0.005891419228142902, 0.9533151195260301, 0.3019198139615038, 0.4945121983872734, 0.0, 0.0, 0.0, 1.0], "fov": 50.0, "aspect": 1.0}, {"camera_to_world": [0.3680916809517955, -0.2776970419124359, 0.8873516029890094, -0.028983947411289214, 0.9297660657169324, 0.116709659753708, -0.34916173668005335, 0.16207427453067524, -0.0066013222416951844, 0.9535529393973136, 0.3011531409622099, 0.4930949414164939, 0.0, 0.0, 0.0, 1.0], "fov": 50.0, "aspect": 1.0}, {"camera_to_world": [0.36265727764619854, -0.27713951885764887, 0.8897602969663228, -0.02689311374841119, 0.9318935753604902, 0.11537830253597275, -0.3438927325573479, 0.17102091852187443, -0.00735276628829179, 0.953877106545318, 0.3001073181990759, 0.4912358907163495, 0.0, 0.0, 0.0, 1.0], "fov": 50.0, "aspect": 1.0}, {"camera_to_world": [0.35687651466524195, -0.276351020038913, 0.8923392107286566, -0.024688090792297605, 0.9341160999796181, 0.1138952423502384, -0.3383119648029744, 0.18056045992150863, -0.008140334099890123, 0.9542840182531787, 0.2987904741910447, 0.48894929914623564, 0.0, 0.0, 0.0, 1.0], "fov": 50.0, "aspect": 1.0}, {"camera_to_world": [0.35076288696355273, -0.2753364288246309, 0.8950727613390392, -0.02237381271619142, 0.9364214559478485, 0.1122689638121428, -0.3324312509453031, 0.19066476317912087, -0.008958457987022828, 0.9547698836508443, 0.29721072541859594, 0.48624941956554774, 0.0, 0.0, 0.0, 1.0], "fov": 50.0, "aspect": 1.0}, {"camera_to_world": [0.34432999998604025, -0.27410059245672674, 0.897945274682419, -0.01995521369333552, 0.938797519437897, 0.11050805992940899, -0.32626244985883573, 0.20130569274425456, -0.009801459425244297, 0.9553307458181743, 0.2953761965487838, 0.48315050483368127, 0.0, 0.0, 0.0, 1.0], "fov": 50.0, "aspect": 1.0}, {"camera_to_world": [0.33759160108743475, -0.27264835593230197, 0.9009410551654504, -0.017437227896972822, 0.9412322767417728, 0.10862120560078264, -0.31981750251249763, 0.21245511306645293, -0.010663587328905155, 0.9559625032924908, 0.2932950395148774, 0.4796668078100315, 0.0, 0.0, 0.0, 1.0], "fov": 50.0, "aspect": 1.0}, {"camera_to_world": [0.3305616078333124, -0.2709845941706233, 0.9040444530822795, -0.014824789500346205, 0.9437138727579655, 0.10661713170990156, -0.3131084693682304, 0.22408488859525938, -0.011539055022744438, 0.9566609310242244, 0.29097545130310554, 0.4758125813539939, 0.0, 0.0, 0.0, 1.0], "fov": 50.0, "aspect": 1.0}, {"camera_to_world": [0.32325413307884093, -0.26911424235071874, 0.9072399296831272, -0.012122832676698647, 0.9462306576503787, 0.10450459975975795, -0.3061475643404409, 0.23616688378021689, -0.012422075912610464, 0.9574217008158167, 0.28842569032069587, 0.471602078324964, 0.0, 0.0, 0.0, 1.0], "fov": 50.0, "aspect": 1.0}, {"camera_to_world": [0.3156835067519539, -0.26704232432003555, 0.9105121199558753, -0.009336291599273034, 0.9487712316646486, 0.10229237701033811, -0.2989471852537183, 0.24867296307086884, -0.013306897847923604, 0.9582404012706458, 0.285654091240327, 0.4670495515823371, 0.0, 0.0, 0.0, 1.0], "fov": 50.0, "aspect": 1.0}, {"camera_to_world": [0.3078642942971208, -0.2647739789893749, 0.9138458931062009, -0.006470100441312271, 0.9513244880701965, 0.09998921209808309, -0.29151994076217747, 0.2615749909167585, -0.01418783616040964, 0.9591125572705942, 0.2826690782362774, 0.46216925398550857, 0.0, 0.0, 0.0, 1.0], "fov": 50.0, "aspect": 1.0}, {"camera_to_world": [0.2998113117643468, -0.2623144846438012, 0.9172264106992333, -0.0035291933760592366, 0.9538796541809287, 0.0976038111309458, -0.283878673718873, 0.2748448317674293, -0.015059305356271313, 0.9600336489929775, 0.27947917654704607, 0.4569754383938737, 0.0, 0.0, 0.0, 1.0], "fov": 50.0, "aspect": 1.0}, {"camera_to_world": [0.29153963755555123, -0.2596692811134172, 0.9206391824053652, -0.0005185045767569174, 0.9564263303939429, 0.0951448142669381, -0.2760364810080124, 0.28845435007242426, -0.01591584943239649, 0.9609991304700287, 0.2760930223180119, 0.45148235766682826, 0.0, 0.0, 0.0, 1.0], "fov": 50.0, "aspect": 1.0}, {"camera_to_world": [0.28306462086694206, -0.25684398976190087, 0.9240701192748542, 0.002557031783351804, 0.958954527174027, 0.09262077279710157, -0.2680067298761478, 0.3023754102812866, -0.016752170781517084, 0.962004447687045, 0.2725193706958288, 0.44570426466376745, 0.0, 0.0, 0.0, 1.0], "fov": 50.0, "aspect": 1.0}, {"camera_to_world": [0.27440188689148126, -0.2538444312645003, 0.9275055844502484, 0.005692481531024052, 0.9614546999021221, 0.09004012676576678, -0.2598030708211992, 0.3165798768435598, -0.017563157646479033, 0.9630450562086943, 0.2687671021637096, 0.43965541224408666, 0.0, 0.0, 0.0, 1.0], "fov": 50.0, "aspect": 1.0}, {"camera_to_world": [0.26556733886989575, -0.25067664116080274, 0.9309324412125187, 0.008882910493016849, 0.963917781498266, 0.08741118317173652, -0.2514394471199332, 0.33103961420878697, -0.018343910079985037, 0.9641164383168948, 0.26484522712354513, 0.4333500532671814, 0.0, 0.0, 0.0, 1.0], "fov": 50.0, "aspect": 1.0}, {"camera_to_world": [0.25657715710187584, -0.24734688318099474, 0.9343380982461149, 0.012123384496087308, 0.9663352127238612, 0.08474209480358469, -0.24293010109541852, 0.34572648682651136, -0.01908976436337767, 0.9652141196382011, 0.2607628887468519, 0.42680244059244704, 0.0, 0.0, 0.0, 1.0], "fov": 50.0, "aspect": 1.0}, {"camera_to_world": [0.24744779505108788, -0.2438616603575468, 0.9377105519999311, 0.01540896936699252, 0.9686989700643167, 0.08204083977064086, -0.2342895772458955, 0.36061235914627626, -0.019796315836213996, 0.9663336852337234, 0.2565293641319143, 0.42002682707927896, 0.0, 0.0, 0.0, 1.0], "fov": 50.0, "aspect": 1.0}, {"camera_to_world": [0.23819597269822013, -0.24022772394716574, 0.9410384260153848, 0.01873473093248962, 0.9710015910912049, 0.07931520179835505, -0.2255327223753456, 0.37566909561762507, -0.020459440087579328, 0.9674707951203749, 0.25215406381903155, 0.41303746558707244, 0.0, 0.0, 0.0, 1.0], "fov": 50.0, "aspect": 1.0}, {"camera_to_world": [0.2288386673155119, -0.23645208020050057, 0.9443110070893573, 0.022095735019335594, 0.9732361972029011, 0.07657275136266123, -0.21667468288378228, 0.3908685606901009, -0.021075312460223317, 0.968621199188624, 0.24764652972956414, 0.40584860897522324, 0.0, 0.0, 0.0, 1.0], "fov": 50.0, "aspect": 1.0}, {"camera_to_world": [0.21939310185384964, -0.2325419950293317, 0.9475182781385934, 0.025487047454287592, 0.9753965136442149, 0.07382082774264931, -0.20773089939174, 0.40618261881324685, -0.02164042581968828, 0.9697807514789973, 0.24301643160735897, 0.3984745101031265, 0.0, 0.0, 0.0, 1.0], "fov": 50.0, "aspect": 1.0}, {"camera_to_world": [0.2098767311495705, -0.22850499663281765, 0.9506509476331504, 0.028903734064102682, 0.9774768867086085, 0.07106652207437103, -0.19871709888859324, 0.42158313443660633, -0.022151606542571645, 0.9709454237773042, 0.2382735620531456, 0.39092942183017776, 0.0, 0.0, 0.0, 1.0], "fov": 50.0, "aspect": 1.0}, {"camera_to_world": [0.2003072261723951, -0.22434887615568294, 0.9537004754695275, 0.032340860675538, 0.9794722980311392, 0.06831666149094212, -0.18964928460801317, 0.4370419720097229, -0.022606028680865142, 0.9721113184869385, 0.23342783025351937, 0.38322759701577225, 0.0, 0.0, 0.0, 1.0], "fov": 50.0, "aspect": 1.0}, {"camera_to_world": [0.1907024565484033, -0.22008168646199017, 0.9566590951590073, 0.03579349311535056, 0.9813783758860846, 0.06557779443532513, -0.1805437238460234, 0.4525309959821393, -0.02300122626286072, 0.973274680735631, 0.22848925451618113, 0.3753832885193056, 0.0, 0.0, 0.0, 1.0], "fov": 50.0, "aspect": 1.0}, {"camera_to_world": [0.18108047160249102, -0.2157117391182189, 0.9595198322133905, 0.03925669721029747, 0.9831914034102138, 0.06285617723231468, -0.171416933947596, 0.4680220708033991, -0.023335103695377057, 0.9744319096737, 0.2234679537320568, 0.36741074920017314, 0.0, 0.0, 0.0, 1.0], "fov": 50.0, "aspect": 1.0}, {"camera_to_world": [0.17145948017331353, -0.21124759968873263, 0.962276518618451, 0.04272553878713583, 0.9849083236806266, 0.0601577620053691, -0.1622856666964867, 0.4834870609230454, -0.02360594423688528, 0.9755795689210871, 0.21837413789281623, 0.3593242319177702, 0.0, 0.0, 0.0, 1.0], "fov": 50.0, "aspect": 1.0}, {"camera_to_world": [0.16185782946014415, -0.20669808145522872, 0.9649238032949434, 0.04619508367262276, 0.9865267415848883, 0.05748818602209027, -0.15316689134990252, 0.4988978307906217, -0.02381241651647631, 0.9767143961213112, 0.21321809779901102, 0.3511379895314922, 0.0, 0.0, 0.0, 1.0], "fov": 50.0, "aspect": 1.0}, {"camera_to_world": [0.1522939831654363, -0.20207223767941823, 0.9674571584575921, 0.04966039769351528, 0.9880449224306023, 0.05485276254944982, -0.14407777656460002, 0.514226244855671, -0.02395357907935558, 0.9778333115618052, 0.20801019409962268, 0.3428662749007347, 0.0, 0.0, 0.0, 1.0], "fov": 50.0, "aspect": 1.0}, {"camera_to_world": [0.14278649919892683, -0.1973793525348157, 0.9698728817940276, 0.05311654667657049, 0.9894617872514837, 0.052256473296314665, -0.13503567146399187, 0.5294441675677366, -0.024028882945622665, 0.9789334258219854, 0.20276084580810239, 0.334523340884893, 0.0, 0.0, 0.0, 1.0], "fov": 50.0, "aspect": 1.0}, {"camera_to_world": [0.13335400720903412, -0.19262893083913502, 0.9721680943978077, 0.05655859644854555, 0.9907769047771359, 0.0497039625166088, -0.12605808609679076, 0.544523463376362, -0.024038172175339212, 0.9800120464126547, 0.1974805184430845, 0.3261234403433625, 0.0, 0.0, 0.0, 1.0], "fov": 50.0, "aspect": 1.0}, {"camera_to_world": [0.12401518620485208, -0.1878306867232748, 0.974340734402313, 0.05998161283619744, 0.9919904800440167, 0.04719953284155476, -0.11716267153654303, 0.5594359967310901, -0.02398168243924409, 0.9810666833730528, 0.19217971194374628, 0.3176808261355387, 0.0, 0.0, 0.0, 1.0], "fov": 50.0, "aspect": 1.0}, {"camera_to_world": [0.11478874252737381, -0.18299453137617944, 0.976389546275152, 0.06338066166628328, 0.9931033396352436, 0.04474714290404991, -0.10836719986809257, 0.5741536320814644, -0.02386003760078448, 0.9820950537948643, 0.18686894851031854, 0.309209751120817, 0.0, 0.0, 0.0, 1.0], "fov": 50.0, "aspect": 1.0}, {"camera_to_world": [0.10569338842155673, -0.17813056000694388, 0.9783140657455472, 0.0667508087655602, 0.994116913546784, 0.04235040681238367, -0.09968954430150662, 0.5886482338770278, -0.0236742443213368, 0.9830950852457958, 0.18155876051949527, 0.3007244681585927, 0.0, 0.0, 0.0, 1.0], "fov": 50.0, "aspect": 1.0}, {"camera_to_world": [0.09674782145158978, -0.17324903816631082, 0.9801146003497854, 0.0700871199607853, 0.9950332136870639, 0.040012595524314465, -0.09114765964632154, 0.6028916665673243, -0.023425684706435745, 0.9840649180688518, 0.17625967866241798, 0.29223923010826125, 0.0, 0.0, 0.0, 1.0], "fov": 50.0, "aspect": 1.0}, {"camera_to_world": [0.08797070499016157, -0.1683603875691858, 0.9817922055919405, 0.07338466107871558, 0.9958548090258631, 0.03773664016610634, -0.0827595633690476, 0.6168557946018965, -0.02311610701644129, 0.985002906537096, 0.17098222044960443, 0.2837682898292181, 0.0, 0.0, 0.0, 1.0], "fov": 50.0, "aspect": 1.0}, {"camera_to_world": [0.07938064999877881, -0.1634751715579026, 0.9833486567285714, 0.07663849794610819, 0.9965847974164992, 0.03552513733454665, -0.07454331744480436, 0.6305124824302879, -0.022747614470239874, 0.9859076188474637, 0.16573687922257196, 0.2753259001808587, 0.0, 0.0, 0.0, 1.0], "fov": 50.0, "aspect": 1.0}, {"camera_to_world": [0.0709961983002142, -0.15860408034269524, 0.9847864161967125, 0.07984369638972016, 0.9972267741225066, 0.03338035641336545, -0.06651701119966152, 0.6438335945020415, -0.022322652175220115, 0.9867778359409805, 0.16053411380606797, 0.26692631402257844, 0.0, 0.0, 0.0, 1.0], "fov": 50.0, "aspect": 1.0}, {"camera_to_world": [0.06283580752607465, -0.1537579161511725, 0.9861085967140715, 0.08299532223630869, 0.9977847970862285, 0.031304248928866185, -0.05869874532384528, 0.6567909952667011, -0.021843992220749564, 0.9876125491405265, 0.15538433892774134, 0.2585837842137726, 0.0, 0.0, 0.0, 1.0], "fov": 50.0, "aspect": 1.0}, {"camera_to_world": [0.05491783790230842, -0.14894757841251138, 0.9873189200887345, 0.08608844131263073, 0.9982633489818111, 0.029298459963168155, -0.05110661721739723, 0.6693565491738094, -0.0213147169757118, 0.9884109566009653, 0.150297916523849, 0.2503125636138367, 0.0, 0.0, 0.0, 1.0], "fov": 50.0, "aspect": 1.0}, {"camera_to_world": [0.04726054101327082, -0.14418404909460159, 0.9884216717827562, 0.08911811944544344, 0.9986672960989718, 0.027364341637174716, -0.04375870780921942, 0.6815021206729099, -0.02073820063316989, 0.9891724585700157, 0.14528514804015208, 0.24212690508216622, 0.0, 0.0, 0.0, 1.0], "fov": 50.0, "aspect": 1.0}, {"camera_to_world": [0.0398820506608224, -0.13947837830348286, 0.9894216512796343, 0.0920794224615039, 0.9990018441064995, 0.025502968669452897, -0.03667306996773567, 0.6931995742135457, -0.020118089046953003, 0.9898966514615936, 0.14035626782663974, 0.2340410614781565, 0.0, 0.0, 0.0, 1.0], "fov": 50.0, "aspect": 1.0}, {"camera_to_world": [0.03280037590892493, -0.134841670244157, 0.990324118309758, 0.09496741618756924, 0.9992724907457302, 0.02371515601156038, -0.029867718596707338, 0.7044207742452608, -0.019458277905764598, 0.9905833207464749, 0.13552143771311087, 0.22606928566120282, 0.0, 0.0, 0.0, 1.0], "fov": 50.0, "aspect": 1.0}, {"camera_to_world": [0.02603339637629365, -0.13028506963016812, 0.9911347349904438, 0.09777716645039645, 0.9994849755041815, 0.022001478555122245, -0.023360622483030058, 0.7151375852175973, -0.018762889290323548, 0.9912324326679647, 0.130790742839959, 0.21822583049070085, 0.0, 0.0, 0.0, 1.0], "fov": 50.0, "aspect": 1.0}, {"camera_to_world": [0.019598859810114666, -0.12581974861638767, 0.9918595039380591, 0.10050373907674266, 0.9996452263181346, 0.020362292901174972, -0.017169697934803274, 0.7253218715800992, -0.018036246658024613, 0.9918441247927599, 0.12617418880490228, 0.21052494882604583, 0.0, 0.0, 0.0, 1.0], "fov": 50.0, "aspect": 1.0}, {"camera_to_world": [0.013514381942483, -0.12145689431508222, 0.9925047024090352, 0.103142199893365, 0.9997593033502787, 0.01879776117792653, -0.011312804217477102, 0.7349454977823096, -0.01728284829760479, 0.9924186954093683, 0.12168170017175706, 0.20298089352663323, 0.0, 0.0, 0.0, 1.0], "fov": 50.0, "aspect": 1.0}, {"camera_to_world": [0.007797448598243495, -0.11720769693972766, 0.9930768125243097, 0.10568761472702053, 0.9998333398846085, 0.017307876889212648, -0.00580774076357593, 0.7439803282737716, -0.01650733929338083, 0.9929565917882176, 0.11732312037181913, 0.19560791745185843, 0.0, 0.0, 0.0, 1.0], "fov": 50.0, "aspect": 1.0}, {"camera_to_world": [0.0024654199883670236, -0.11308333860415226, 0.993582447627986, 0.1081350494044663, 0.9998734803757223, 0.01589249277251381, -0.0006722460974354361, 0.7523982275040286, -0.015714482034762778, 0.993458397318989, 0.11310821301198631, 0.18842027346111684, 0.0, 0.0, 0.0, 1.0], "fov": 50.0, "aspect": 1.0}, {"camera_to_world": [-0.0024644629131875817, -0.10909498278648455, 0.9940282748259057, 0.11047956975245939, 0.9998858156836105, 0.014551350642428074, 0.00407600161951116, 0.760171059922624, -0.01490912530199795, 0.9939248175416981, 0.1090466645864584, 0.18143221441380394, 0.0, 0.0, 0.0, 1.0], "fov": 50.0, "aspect": 1.0}, {"camera_to_world": [-0.006975070048893639, -0.10525376444804951, 0.9944209337435166, 0.11271624159775699, 0.9998763155181096, 0.013284113192918667, 0.008419382554990196, 0.767270689979101, -0.014096171953497716, 0.9943566650886352, 0.10514808857066871, 0.17465799316931493, 0.0, 0.0, 0.0, 1.0], "fov": 50.0, "aspect": 1.0}, {"camera_to_world": [-0.011049372192374785, -0.10157078077694293, 0.9947669515351405, 0.11484013076711608, 0.9998507581096535, 0.012090397729446423, 0.012340331855135722, 0.7736689821230023, -0.013280545233741448, 0.9947548435544841, 0.10142203085714946, 0.1681118625870456, 0.0, 0.0, 0.0, 1.0], "fov": 50.0, "aspect": 1.0}, {"camera_to_world": [-0.014670429318316636, -0.09805708250434286, 0.9950726541687057, 0.1168463030872938, 0.9998146571149552, 0.010969811800136009, 0.0158213351893558, 0.7793378008038722, -0.012467153713683898, 0.9951203303117698, 0.09787797647312346, 0.161808075526391, 0.0, 0.0, 0.0, 1.0], "fov": 50.0, "aspect": 1.0}, {"camera_to_world": [-0.01782137768982861, -0.09472366571902535, 0.995344074001542, 0.11872982438504716, 0.9997731857581427, 0.009921990693339766, 0.01884492344627453, 0.784249010471253, -0.01166085486793983, 0.995454158288282, 0.09452535749901825, 0.15576088484674683, 0.0, 0.0, 0.0, 1.0], "fov": 50.0, "aspect": 1.0}, {"camera_to_world": [-0.020485415969555776, -0.09158146408175477, 0.9955868536542639, 0.12048576048713336, 0.9997310981998833, 0.00894663676724361, 0.021393666880894446, 0.7883744755746884, -0.01086641728491744, 0.9957573967223128, 0.09137356208550018, 0.14998454340750816, 0.0, 0.0, 0.0, 1.0], "fov": 50.0, "aspect": 1.0}, {"camera_to_world": [-0.022645790706521285, -0.08864134131648393, 0.9958061461815201, 0.12210917722030942, 0.9996926481195851, 0.008043560575306863, 0.023450169059574366, 0.7916860605637215, -0.010088481497612878, 0.9960311309105183, 0.0884319444442242, 0.14449330406807076, 0.0, 0.0, 0.0, 1.0], "fov": 50.0, "aspect": 1.0}, {"camera_to_world": [-0.02428578159803385, -0.08591408382953125, 0.996006511530876, 0.12359514041133246, 0.9996615044891922, 0.007212723749259298, 0.02499706099767579, 0.7941556298878959, -0.009331519414181921, 0.9962764409619698, 0.08570983566413837, 0.13930141968782978, 0.0, 0.0, 0.0, 1.0], "fov": 50.0, "aspect": 1.0}, {"camera_to_world": [-0.025388686975148844, -0.08341039328123062, 0.9961918092748745, 0.12493871588695953, 0.9996406645118789, 0.006454283598820276, 0.026016995934862952, 0.7957550479967541, -0.008599792318804811, 0.9964943795706508, 0.08321655518090748, 0.1344231431261808, 0.0, 0.0, 0.0, 1.0], "fov": 50